7 BOULDER           GOES3         136.38   35  238      0EMT          FR        
1184092 1 170322  244  168  112   88   83   81   81   84   87   93   87   35238U
1284092 1 170 85   87  149  261  360  492  537  535  527  542  520  435   35238U
1184092 1 270344  254      C129  131  131  128  126  125  121      C111   35238U
1284092 1 270109  123  185  263  355  454  570  604  618  589  563  457   35238U
1184092 1 370310  217      C103   90   85   85   85   86   90   98  101   35238U
1284092 1 370107   98  162  301      C587  665  669  658  656  599      C 35238U
1184092 1 470468  307  186  136      C106   94   87   88   93   97   92   35238U
1284092 1 470 82   84      C    C497      C    C623  665  622  610  513   35238U
1184092 1 570420  271  197  152  115  103   97   92   91   92   92   91   35238U
1284092 1 570 91   92  157  321  476      C781  781  773  747  621  525   35238U
1184092 1 670396      C    C    C    C    C 88   86   88   89   91   87   35238U
1284092 1 670 82   82  157  302      C536      C662  626  607  570  500   35238U
1184092 1 770411  281      C114   90   80      C    C 78   81   83   84   35238U
1284092 1 770 85   91  153  266      C644  699  708      C773      C677   35238U
1184092 1 870568  399  274  222  194  175  168      C153  148  149  154   35238U
1284092 1 870149  158  244      C644      C878  916  819  828  779  682   35238U
1184092 1 970538  360  202  129   95      C 63   54   54   55   59   64   35238U
1284092 1 970 60   52  109      C439  540      C    C608  606  541  448   35238U
1184092 11070365  246  164  103   81      C 59   46   43   45   44   48   35238U
1284092 11070 52   63  134      C    C    C649      C779  742  652  527   35238U
1184092 11170430  305  174  115      C 51   39   42   43   44   43   39   35238U
1284092 11170 32   25  108  358  588      C    C    C819  793  709  600   35238U
1184092 11270456  292  201  149  123  108   90      C 44   36   29   28   35238U
1284092 11270 24   36  150  343  473  643      C705  710  703      C478   35238U
1184092 11370    C196  105      C 48   41   39      C    C    C    C    C 35238U
1284092 11370 10   47  130      C443  625  699  670  693  660  529  447   35238U
1184092 11470344  221  133  104   84      C 44   41   41   41   39   52   35238U
1284092 11470 61   63  130      C478  654  845      C761  662      C498   35238U
1184092 11570413  272  173  121   84   58   47   43   41   46   47   50   35238U
1284092 11570 50   54      C235  354  520      C534  513  496  470  370   35238U
1184092 11670261  194  104   48   37      C    C    C    C 36   40   44   35238U
1284092 11670 45   38  101  236  329  487      C    C532  561  526  465   35238U
1184092 11770322  207   97   59   41      C    C    C 35   37   39   46   35238U
1284092 11770 50   58  107      C325  441      C450  492  478  397  342   35238U
1184092 11870279      C 94   47      C    C    C    C    C    C 39   46   35238U
1284092 11870 55   60  108  187  273  359  394  435  434  450  411  329   35238U
1184092 11970233  156      C 39      C    C    C    C    C 35      C 37   35238U
1284092 11970 40   52  111      C320  369  428  436      C482  408  349   35238U
1184092 12070294  176      C 71   53   43   38   39   43   45   44   48   35238U
1284092 12070 59   65  144      C409  514  575      C577  532  485  406   35238U
1184092 12170319  201   93   53   36      C    C 22   22   27   30   31   35238U
1284092 12170 35   42  106  230  367  449      C565  587  559  491  401   35238U
1184092 12270340  247  150   81   42      C 22   23   25   28   27   35   35238U
1284092 12270 48   56  128  282  453  540      C624      C562  518  427   35238U
1184092 12370323  230  136   78   50   43   39   34   36   39   41   43   35238U
1284092 12370 43   48      C230  345      C    C521  489  482  466      C 35238U
1184092 12470284  185  120   65   36   32   29   30   32   36   39   52   35238U
1284092 12470 55   62  125  220  271  439      C533      C527  482  413   35238U
1184092 12570296  192  135  107   81      C 67   62   59   60   59   53   35238U
1284092 12570 49   56  133      C385      C    C    C531  536  519  433   35238U
1184092 12670339  227  153   87   60   47   43   40   40   42   38   39   35238U
1284092 12670 37   41  120  232  348  455  572  582  602  582  533  468   35238U
1184092 12770355  247  167      C103  105  104      C    C 44   38   40   35238U
1284092 12770 43   59  170  321  446  570      C695  690  712  652  585   35238U
1184092 12870493  348  264  204  147  124   93   80   78   77   78   79   35238U
1284092 12870 75   79  153      C353      C580      C660  628  567      C 35238U
1184092 12970409  320  238  158  118   88   63   43   42   44   47   56   35238U
1284092 12970 59   65  147  281  438  610  731  696  651  641  603  541   35238U
1184092 13070498  329  203  122      C 60   60   57   51   51   47   37   35238U
1284092 13070 16   26  138      C434  542      C696  698  689  627  567   35238U
1184092 13170    C351  237  162  100   67   43   33   33   34   36   41   35238U
1284092 13170 28   34  143      C    C    C    C235  227  199  127   56   35238U
2184092 14070344  247  167  109   84   81   63   44   43   45   44   49         
2284092 14070 52   59  136  264  397  528  649  623  626  606  531  461         
2184092 15070 29   29   25   28   25   20   25   22   26   29   28   30         
2284092 15070 31   31   28   18   26   22   15   23   27   31   28   28         
1184092 2 170 43   24   28   36      C 41   32   30   32   34   34   82   35238U
1284092 2 170 78   88  219      C    C    C    C 60   10  888  759  673   35238U
1184092 2 270614  556  476  386  300  251  211      C214  215  201  164   35238U
1284092 2 270131  112      C    C642  667  783  831      C840  827  805   35238U
1184092 2 370727  570  379  251      C126   94   69   66  120  147  158   35238U
1284092 2 370176  209  372  566      C    C865  865  808  784  773  715   35238U
1184092 2 470564  343  164   82      C 54   52   57   47   40   34   25   35238U
1284092 2 470 18      C153  253  493      C    C    C708  720  674  579   35238U
1184092 2 570474  332  233      C    C 98   88      C 77   77      C 66   35238U
1284092 2 570 44   49      C262  406      C    C646  594  540  472  411   35238U
1184092 2 670320  212      C 42      C 33      C 27   30   32   36      C 35238U
1284092 2 670 25   39  153      C    C572  616  662  623  591  542  476   35238U
1184092 2 770410  293  194  156      C133  125  124  125  124  124  123   35238U
1284092 2 770    C139      C488  710      C916  965  880  799  710  620   35238U
1184092 2 870507  375  262  183      C148  142  133  137  146  146  155   35238U
1284092 2 870    C181  278  492  670      C 30   50  946  756  648  577   35238U
1184092 2 970540  426  356  318      C    C295  211      C148  132  130   35238U
1284092 2 970122  139  227  346  438      C    C517  503  449  391  325   35238U
1184092 21070284  213  166  132      C 99  102  101   95   94   96   92   35238U
1284092 21070 92  112      C    C600      C780  834  785  706  686  624   35238U
1184092 21170540  405  302  212      C162      C157  159  157  156  154   35238U
1284092 21170148  156  261  408      C566  652  703  720  664  630  569   35238U
1184092 21270457  334  222  155      C102   95   90   92   90   86   80   35238U
1284092 21270 73   88  215      C498  653      C708  702  670  610  546   35238U
1184092 21370453  334  209  134      C112  103  102  105  110  119  124   35238U
1284092 21370121  135  277      C    C666      C713  697  634  576  526   35238U
1184092 21470465  351  244  174      C127  117  114  113  118  118  117   35238U
1284092 21470126  150  282      C571  702  791  790  758  688  626  566   35238U
1184092 21570    C362  270  188      C167  160  157  159  161  163  163   35238U
1284092 21570158  173  306      C626      C    C    C753  711  672  608   35238U
1184092 21670542  418  314  246      C211  199  196  200  205  209  211   35238U
1284092 21670203  219  351      C571  615  652  699  667  624  586  548   35238U
1184092 21770458  338  258  201      C175  168  161  159  162  161  160   35238U
1284092 21770160  182  344  574  695      C841  854  813  752  713  651   35238U
1184092 21870555  427      C264      C217  214  211  207  200  191  190   35238U
1284092 21870181  190  317  495  627      C845  875  829  756  718  664   35238U
1184092 21970    C472      C282      C232  208  198  196  196  199  198   35238U
1284092 21970192      C355      C    C    C    C857  875  846  812  760   35238U
1184092 22070670  570  461  382      C330  304  306  302  289  289  283   35238U
1284092 22070305  323  385      C662  783      C913  949  913  815  715   35238U
1184092 22170609  429  348  253      C269  247  229  242  241  241  247   35238U
1284092 22170277  302  346  401  451  518  565  573  570  557  526  521   35238U
1184092 22270492  436  375      C    C348  363  359  351  336  337  348   35238U
1284092 22270333  348      C707  868  993   10      C931  880  831  817   35238U
1184092 22370733  598  452  382      C369  365  369  378  380  374  361   35238U
1284092 22370350  367  520  730  880  948   40   80   70   20  995  941   35238U
1184092 22470878  735  596  493      C428  420  416  411  412  417      C 35238U
1284092 22470429  477      C871  776  914  995  978  959  918  864  828   35238U
1184092 22570787  584  375  268      C320  326  301  281  234  210  209   35238U
1284092 22570234  312  457      C    C    C710  750  723  650  566  480   35238U
1184092 22670    C285  140   49      C 10   36   35   34  360   41   42   35238U
1284092 22670 45   82  299      C    C    C587  690  761  811  718  572   35238U
1184092 22770361  174   27   34      C 43   39   16   37   24   34   68   35238U
1284092 22770 11   95  365  564      C676  728  840  805  707  607  507   35238U
1184092 22870371  236  132   82      C 68   54   38   28   21   18   16   35238U
1284092 22870 16   58  231  413  571  660  755  759  689  640  603  548   35238U
1184092 22970481  369  255  169      C127  105   85   82   75   74   50   35238U
1284092 22970 49  105  322      C648      C745  870  797  693  560  473   35238U
2184092 24070499  369  260  188  300  140  142  133  131  148  146  154         
2284092 24070131  150  306  492  626  666  736  754  755  707  672  577         
2184092 25070 26   29   26   27    1   28   27   27   28   29   28   27         
2284092 25070 27   27   23   15   20   14   20   26   28   29   29   29         
1184092 3 170405  331  250  195      C161  142  146  154  161  156  150   35238U
1284092 3 170144  214  395  563  727      C    C862  838  750  669  599   35238U
1184092 3 270530  439  353  261      C214  203  185  182  190  184  194   35238U
1284092 3 270198      C443  600  688  755      C838  812  798  731  667   35238U
1184092 3 370572  478  380  291      C253  227  215  217  219  226  211   35238U
1284092 3 370200  260  434      C703      C    C789  800  756  696  625   35238U
1184092 3 470553  476  381  313      C289  262  249  245  244  254  257   35238U
1284092 3 470243  307  489  650  738      C839  887  861  817  761  709   35238U
1184092 3 570624  516  419  368      C339  328  329  329  327  333  323   35238U
1284092 3 570320  362      C621  735      C881      C861  802  715      C 35238U
1184092 3 670    C529  442  383      C373  345  322  307  313  328  329   35238U
1284092 3 670324  356  488  617  360      C    C488  464  432  383      C 35238U
1184092 3 770295  219  142   76      C 40   34   32   27   27   21   18   35238U
1284092 3 770 15      C    C345  439      C    C668  644  604  515  470   35238U
1184092 3 870415  340  237  160      C125  114  110  110  116  114  106   35238U
1284092 3 870101  149      C429  573  663      C689  620  559  525  466   35238U
1184092 3 970410  324  234      C    C    C    C    C    C    C    C    C 35238U
1284092 3 970    C    C    C    C    C274  342  406  346  293  237  148   35238U
1184092 31070 53   10   14   31      C 80   18   20   26   27   15   73   35238U
1284092 31070 50   65  190      C393  453  502  536  510  458  424  383   35238U
1184092 31170314  239  155   84      C 55   45   53   62   63   72   66   35238U
1284092 31170 44  105  268  436  492  562      C    C538  493  409  351   35238U
1184092 31270304  252      C    C    C 73   69   75   86   98  102  103   35238U
1284092 31270 90  138  273      C494      C570  559  517  471  434  376   35238U
1184092 31370331  256  166  112      C 64   58   60   66   69   65   64   35238U
1284092 31370 67  134      C    C472  530      C559  546  521      C410   35238U
1184092 31470    C256  155  110      C 55   50   55   64   66   63   57   35238U
1284092 31470 47  106  261      C443  515      C552  539  530  511  465   35238U
1184092 31570398  302  195  135      C100   92   88   85   83   67      C 35238U
1284092 31570 88  169  302      C    C531  589  620  589  553  503  443   35238U
1184092 31670388  300  203  149      C 88   80   77   79   77   72      C 35238U
1284092 31670 87  180  322      C448  543  618  665  642  593  506      C 35238U
1184092 31770369  289  192  131      C 80   68   65   68   69   63   46   35238U
1284092 31770 40  144      C    C    C698  728  755  781  729  602  504   35238U
1184092 31870410  303  220      C    C159  139  131  130  134  136  136   35238U
1284092 31870134  236      C538      C    C689  711  682  642  594  523   35238U
1184092 31970463  372  264  209      C148  131  127  127  127  128  126   35238U
1284092 31970127  218  363  486  448      C538  550  525  516  475  434   35238U
1184092 32070388  305  208  134      C117  104   93   99  102   97   96   35238U
1284092 32070 92  178  306      C494  531      C565  547  521  504  469   35238U
1184092 32170422  344  248  192      C123  122  120  122  124  110  103   35238U
1284092 32170    C228      C488      C697  692  698  698  630  552  473   35238U
1184092 32270418  310  217  167      C129  129  120  122  138  146  135   35238U
1284092 32270    C227  399  533      C625      C690  645  625  572  522   35238U
1184092 32370    C341  220  156  107  101  102  121  133  142  145  140   35238U
1284092 32370    C238      C472  526  595  616  590  589  589  545  461   35238U
1184092 32470360  294  209  150  112   91   85   91   89   98   99   86   35238U
1284092 32470 86  184      C487  532      C    C    C553  513  479  466   35238U
1184092 32570391  319  205  117   79   77   77   86  102  106  112   95   35238U
1284092 32570    C    C    C323  390  451      C426  405  382  374  334   35238U
1184092 32670    C199      C 37   14   43   42   47   51   56   55   41   35238U
1284092 32670 42  172  306  386  432  484  540  554  547  532      C    C 35238U
1184092 32770    C332  214  136   81  809   55   47   52   59   59   52   35238U
1284092 32770 48      C314      C518      C636  628  595  564  539  510   35238U
1184092 32870431  345  223  129   70   45   43   40   47   63   62   49   35238U
1284092 32870 59      C    C    C530  581  600  599  573  528  498  467   35238U
1184092 32970415  331  204  117   67   53   57   59   69   65   53      C 35238U
1284092 32970 56      C276  344  388  451      C515  495  447  416  354   35238U
1184092 33070296  222  147   84   52   36   35   43   56   63   64   49   35238U
1284092 33070 47  146      C401  492  520      C496  496  493  462  415   35238U
1184092 33170361  288  197  120   72   45   41   43   43   38   25   16   35238U
1284092 33170    C132  238  325  448      C514  509      C421  364  313   35238U
2184092 34070401  310  214  135   72   95   82   87   87   98   98   96         
2284092 34070 87  179  310  486  492  531  608  594  581  532  506  466         
2184092 35070 26   31   29   28    9   30   30   30   30   30   30   27         
2284092 35070 25   24   18   19   25   19   16   28   30   31   29   27         
1184092 4 170276  228  161  114   79   71   72   75   81  101  109   90   35238U
1284092 4 170    C148  259      C479      C547  508  459  411  366  319   35238U
1184092 4 270290  245  166  108   82   74   68   68   69   69   70   85   35238U
1284092 4 270 92  180  273  346  408  484      C537  534  507  451  370   35238U
1184092 4 370290  223  154  118  105   94   93   88   77   85   90   92   35238U
1284092 4 370 90  135  171      C272  297      C219  187  165  166  167   35238U
1184092 4 470164  147  114   86   56   42   39   43   51   55   55   48   35238U
1284092 4 470 64  190  269      C347  357      C397  400  365  324  286   35238U
1184092 4 570235  185  131  100   85   80   78   77   76      C    C 64   35238U
1284092 4 570 91  168  262  321  384  415  447  434  408  382      C323   35238U
1184092 4 670290  245  177  123   88   79   85  101  113      C131  104   35238U
1284092 4 670 62  134      C357  450      C464  474  420  347  292  261   35238U
1184092 4 770239  215  168  124  107   98   89   85   79   69   71   65   35238U
1284092 4 770    C107  146  182  232  322  376  375  355  297  255  216   35238U
1184092 4 870176  155  124   88   68   61   65   68   67   66      C 48   35238U
1284092 4 870 62  151  268  309  357  358  367  374  397  393  346  285   35238U
1184092 4 970238  216  156   99   78   73   67   64   62   60   54   48   35238U
1284092 4 970 65  171  255  312  346  387  411  424  415  389  363  317   35238U
1184092 41070286      C170  110   81   59   50   48   56   55   56   52   35238U
1284092 41070 63      C224  276  345      C374  381  371  354  339  303   35238U
1184092 41170281  238  169  119   88   74   67   67   70   67   68   67   35238U
1284092 41170 84  151  213  275  319  357  381  392  394  377  351  313   35238U
1184092 41270277  236  185  130   85   66   59   63   66   65   65   58   35238U
1284092 41270 87  182  253  315  340  387  423      C413      C    C    C 35238U
1184092 41370    C    C    C374  338  325  323  329  331  329  344  338   35238U
1284092 41370365  467      C676  715  733  432  384  356  347      C299   35238U
1184092 41470267      C174  124   94   81   74   74   73   73      C 62   35238U
1284092 41470 85  185  271  338  350  365  376  378  373  347  316  298   35238U
1184092 41570278  229      C154  125  102   91  102  105  104   97   84   35238U
1284092 41570 99      C193      C    C    C287  300      C285  269      C 35238U
1184092 41670    C215  169  116   80   67   62      C    C    C    C    C 35238U
1284092 41670    C    C    C    C    C    C146  225  210  173  163  141   35238U
1184092 41770112   79      C 98   20   18   40   47   51   51   49      C 35238U
1284092 41770 63  142  258  321  367      C386  404  408  376  344  312   35238U
1184092 41870281  246  195  147  106   87   88   92   89   82   98  102   35238U
1284092 41870133      C237  258  278      C321  334  322  304  284  262   35238U
1184092 41970243  222  178  152  134  122  124  123  133  134  128  102   35238U
1284092 41970 99  126  185  236  283  332  362  370  382  425      C    C 35238U
1184092 42070    C    C    C    C    C408  413  430  439  410  389      C 35238U
1284092 42070434      C526  498      C536  537  552  557  548  518  497   35238U
1184092 42170473  453      C    C    C    C    C    C    C    C    C    C 35238U
1284092 42170    C    C    C439  504      C522  515  477  441      C381   35238U
1184092 42270367  345  294  246  221  209  213  222  218  208  193  180   35238U
1284092 42270    C263  321  355  365  394  416  413  406  386  381  367   35238U
1184092 42370353  330  279  223  195  173  169  175  182  177  174  170   35238U
1284092 42370221      C434      C538      C558  545  553  511  464  421   35238U
1184092 42470416  387  328  273  237  231  238  239  244  218      C    C 35238U
1284092 42470    C    C239  234  240      C264  284  262  243  221  207   35238U
1184092 42570194  174  160  146  128  125  136      C    C    C    C    C 35238U
1284092 42570    C    C    C    C352  373  362  364  339  316  292  293   35238U
1184092 42670274  251  200  142  108   88   81   80   87   95   98   87   35238U
1284092 42670127  182  188  183  183  193  193  191  192  197  197  175   35238U
1184092 42770154  143  129  112   86   75   70   63   55   57   58   53   35238U
1284092 42770 98  186  255  295  323      C325  325  327  317  296  286   35238U
1184092 42870270      C208  157  110   82   67   61   61   63      C    C 35238U
1284092 42870123  192  212  215  236  272  301  288  276  256  219  213   35238U
1184092 42970208  197  170  124   89   77   81   79   70   66      C 86   35238U
1284092 42970    C    C212  227      C237  233  251  252  261  253  232   35238U
1184092 43070204  200  170  130   99   80   82   85   86   84   86   70   35238U
1284092 43070 98  169      C218      C    C267  285  270  248      C222   35238U
2184092 44070274  223  170  124   91   80   81   79   77   73   90   84         
2284092 44070 91  170  254  309  347  361  376  378  382  347  306  293         
2184092 45070 27   25   25   28   28   29   29   27   27   25   21   23         
2284092 45070 22   20   24   23   25   18   27   29   29   29   24   27         
1184092 5 170210  207  195  152  108   80   70   71      C 91   96   66   35238U
1284092 5 170    C 99      C135  147  165  178  167  164  165      C126   35238U
1184092 5 270118  115  104   81   54   37      C 24   27      C    C 14   35238U
1284092 5 270 50  133      C268  295  322  315  287  273  269  234  201   35238U
1184092 5 370201  189  162  121   80   62   51   54   60   59   53      C 35238U
1284092 5 370    C148  223  278  308  260  270  266  259  237  207  173   35238U
1184092 5 470159  151  136  100   72   62   63   67   62   52   22   99   35238U
1284092 5 470 53  130      C225  232  255  259  239  230  208  196  184   35238U
1184092 5 570176  180  155   94   44   21   16   17   15   20   16   11   35238U
1284092 5 570 48   85  109  115  148  149  150  161  165  166  154  151   35238U
1184092 5 670151  141  124   83   51   32   27   24   20   20   20   21   35238U
1284092 5 670 59  102  130  135  148  168  177  200  219  213  194  186   35238U
1184092 5 770179  165      C106   70   50   46   52   60   57   48      C 35238U
1284092 5 770 69  140  195  245  285  288  317  322  324  309  282  255   35238U
1184092 5 870248  195  155  116   87   87   99   88   92   92   96      C 35238U
1284092 5 870 93   89  108   92      C 59   49   54   60   63   66   69   35238U
1184092 5 970 69   63   45   23   12   61   36   45   38   25   16   14   35238U
1284092 5 970 61  105  128  147  145  156  194  197  209  239      C247   35238U
1184092 51070198  198  207  156  133  140  147   90      C 24   15   18   35238U
1284092 51070 42   59   62   67   71   73   77   89  135  163  155      C 35238U
1184092 51170120   85   35   20   22   32   20   10   95   80   76   13   35238U
1284092 51170 55   74      C 96  104      C111  101   98  101  109  108   35238U
1184092 51270112      C 87   67   49   41   43   41   42   40      C    C 35238U
1284092 51270    C132      C197  208  210  228  227  229  234  234  225   35238U
1184092 51370197  179  170  131  107   83   91  100  102  100   92   61   35238U
1284092 51370    C105      C135  135      C    C    C168  172  176  180   35238U
1184092 51470192  188  163  128  109  104  102  100   99   95   86   89   35238U
1284092 51470137  181  215  250  266  283  290  272  260  258      C241   35238U
1184092 51570237  244  236  197  163  146  145  144  140  133  131      C 35238U
1284092 51570    C224  226  248  239  254  287  298  301  278  253  237   35238U
1184092 51670234  228  223  197  151  128  117  109  106   99   98   89   35238U
1284092 51670141  216  213  274  282  264  249  249  244  220  211  209   35238U
1184092 51770192  190  185  157  116   88   71   66   60   58   50   48   35238U
1284092 51770 98      C226  273  271      C256  248  240  234  218  212   35238U
1184092 51870211  222  211  172  136  101   90   92   96      C 69   62   35238U
1284092 51870 98  144  167  160  139  138  152  169  185  182      C217   35238U
1184092 51970216  192  189  167  152  134  119  114   97   64   40   17   35238U
1284092 51970 59  105      C139  148  141  157  165  162      C    C169   35238U
1184092 52070164  157  145  139  131  123  110  105  100   95   87   86   35238U
1284092 52070107  126  145  154  162      C199  219  231  232  233  218   35238U
1184092 52170209  205  181  154  126  109  107  100   94   90   83   82   35238U
1284092 52170132  184  232  237  217      C200  197  213  210  195  199   35238U
1184092 52270204  216  211  176  137  113   98   96  104   99   98  105   35238U
1284092 52270 92  102  127  143  146  160  110   91   76   68   66   71   35238U
1184092 52370 75   79   72   49   33   14   92   84   10   48   43   45   35238U
1284092 52370 44   50   88  132  170  179  188  195  219  247  236  173   35238U
1184092 52470152  144  121   98   80   69   70   57   51      C 18   62   35238U
1284092 52470 51      C190  212  227  184  195  183  172  174  167  153   35238U
1184092 52570149  160  156  117   78   55   54      C    C    C 65   65   35238U
1284092 52570 65   65   86   65   65   65   65      C    C    C    C 63   35238U
1184092 52670 66   67   37   17   12   39   40   41      C    C 20   23   35238U
1284092 52670 83  132  235  210  202  199  183  176  180  182  187  189   35238U
1184092 52770190  193  180  158  130  112  107  104   92      C    C    C 35238U
1284092 52770144  221  257  247  257  282      C274  253  225      C191   35238U
1184092 52870    C198      C    C    C    C    C    C    C    C    C    C 35238U
1284092 52870    C    C232  273  297  268  265  256  253  250  252  256   35238U
1184092 52970270  260  244  201  151  127      C127  129      C111  109   35238U
1284092 52970    C147  175  186  192  199  175  141  138  128  142  148   35238U
1184092 53070148      C136  109   79   64   64   63   63   56   54   45   35238U
1284092 53070 88  115  122  124  130  120  123  124  120  126  135  130   35238U
1184092 53170130  133  138  108   79   68   64   66   62   60   46   42   35238U
1284092 53170    C109  142  161  149  147  136  139  141  128  122  125   35238U
2184092 54070184  188  156  119   83   74   70   71   77   60   54   54         
2284092 54070 69  120  171  161  181  181  188  197  211  210  194  185         
2184092 55070 30   29   29   30   30   30   28   29   26   23   27   24         
2284092 55070 23   28   24   31   30   26   29   29   30   29   24   30         
