7 BOULDER                                                                      
118409001 170561  385  263  157   83   70   66   57   51   58   65   65   36251
128409001 170 55   46   54  176  314  465  593  678  715  721  734  734   36251
118409001 270679  508  369  214  140  111   90   80   76   73   68   61   36251
128409001 270 52   53   73  179  263  387  541  611  652  677  663  639   36251
118409001 370570  450  300  208  142  111   98   89   84   93   83   82   36251
128409001 370 76   72   81  178  326  460  546  612  643  639  595  528   36251
118409001 470458  328  211  144   87   75   72   66   69   78   76   72   36251
128409001 470 73   70   77  142  274  368  463  511  557  529  508  524   36251
118409001 570417  343  218  165   94   72   65   61   58   60   66   74   36251
128409001 570 73   59   80  170  259  366  471  581  625  571  503  479   36251
118409001 670413  364  270  172  130  116  106  104   99  105  106  106   36251
128409001 670105  100  116  226  309  390  521  550  590  537  533  464   36251
118409001 770397  305  213  151  113   98   93   93   95   97   98   90   36251
128409001 770 83   82  102  204  294  355  449  468  495  477  475  393   36251
118409001 870304  213      C 82   65   56   52   48   47   48   50   50   36251
128409001 870 48   49   68  165  261  350  487  617  624  577  529  471   36251
118409001 970435  377  254  177  115   85   68   68   60   55   44   41   36251
128409001 970 40   39   61  154  216  306  385  425  464  420  425  389   36251
1184090011070324  258  200  104   60   52   50   49   51   50   63   67   36251
1284090011070 66   70   78  166  245  369  493  551  589  566  564  517   36251
1184090011170365  276  182  122   74   71   74   76   77   80   87  103   36251
1284090011170126  130  146  204  304  429  541  658  675  658  599  503   36251
1184090011270416  259  169  121   92   81   82   88   87   91   93   75   36251
1284090011270 62   47   72  191  289  400  496  537  586  566  551  508   36251
1184090011370402  288  215   98   69   55   42   56   56   58   54   59   36251
1284090011370 63      C 70  161  282  368  454  529  553  548  555  523   36251
1184090011470409  257  199  101   72   70   67   69   68   71   75   76   36251
1284090011470 76   72   81  195  301  445  561  595  555  579  508  492   36251
1184090011570391  298  201  123   84   74   74   79   78   82   79   69   36251
1284090011570    C 62   75  174  288  391  491  548  555  524  438  409   36251
1184090011670334  255  158  101   62   56   52   50   53   56   63   59   36251
1284090011670 49   45   61  153  250  358  464  495  579  544  499  459   36251
1184090011770393  286  187  125   81   65   58   60   56   54   52   46   36251
1284090011770 39   37   56  193  275  386  474  546  534  515  496  451   36251
1184090011870409  340  219  164  104   71   60   46   46   45   46   47   36251
1284090011870 44   40   61  169  250  417  475  560  566  549  535  541   36251
1184090011970430  344  250  156   95   76   63   50   46   45   45   47   36251
1284090011970 49   45   69  180  292  415  501  561  585  575  583  548   36251
1184090012070478  382  290  186  106   79   77   72   70   65   63   63   36251
1284090012070 66   70   87  203  337  539  682  769  807  798  775  757   36251
1184090012170667  566  399  293  174  118   98   89   82   79   79   80   36251
1284090012170 78   71   93  219  375  520  670  701  674  649  612  637   36251
1184090012270635  487  363  222  132  104   93   81   68   65   60   61   36251
1284090012270 61   60   83  243  374  490  628  699  724  721  682  655   36251
1184090012370556  464  365  223  164  117   95   79   72   73   70   74   36251
1284090012370 76   80  111  253  400  565  671  718  721  747  734  706   36251
1184090012470570  468  357  234  149  105   69   61   60   65   64   61   36251
1284090012470 55   52   84  243  410  528  667  758  777  771  768  700   36251
1184090012570597  492  387  293  205  163  117  102   86   81   85   93   36251
1284090012570 89   79  107  258  452  587  684  756  739  638      C659   36251
1184090012670578  463  375  221  163  111   79   74   76   73   72   76   36251
1284090012670 69   70   97  257  418  504  625  678  702  659  625  628   36251
1184090012770519  390  294  211  136  107   85   82   77   70   65   59   36251
1284090012770 56   53   93  211  327  516  598  650  635  572  594  587   36251
1184090012870483  378  287  156  124   88   93   77   73   69   74   68   36251
1284090012870 62   59   88  230  374  499  612  691  694  689  717  653   36251
1184090012970564  438  373  245  201  168  126   97   84   83   89      C 36251
1284090012970    C 83  122  285  452  585  696  721  733  756  792  806   36251
1184090013070650  526  308  215  201  157  120  103   93   87   84   82   36251
1284090013070 81   77   92  221  343  537  664  743  773  771  810  763   36251
1184090013170662  484  331  212  161  119   89   67   61   60   61   67   36251
1284090013170 70   64   82  219  350  482  615  730  694  686  651  432   36251
118409002 170536  430  270  212  128  113  102   84   90   95   96   85   36251
128409002 170 77   68   91  228  349  443  552  667  737  835  778  667   36251
118409002 270509  402  291  194  137  114   81   68   60   57   57   57   36251
128409002 270 57   57   88  220  339  512  619  724  812  917  736  675   36251
118409002 370555  423  292  153  113   86   76   75   73   71   71   76   36251
128409002 370 67   71   88  169  257  391  539  630  606  623  553  516   36251
118409002 470445  399  302  167  130  119  107   91   84   84   88   81   36251
128409002 470 71   66   87  195  319  435  549  610  731  731  753  719   36251
118409002 570540  464  346  248  169  124  110  104   96   91   88   94   36251
128409002 570 93   89  119  200  263  372  508  608  612  602  533  454   36251
118409002 670326  284  169  100   84   78   75   76   77   78   78   75   36251
128409002 670 73   69   85  176  249  310  405  466  469  470  433  429   36251
118409002 770419  342  258  210   84   75   73   71   77   80   81   78   36251
128409002 770 78   79  108  171  256  333  461  560  576  561  533  502   36251
118409002 870424  329  216  142  108   83   75   63   52   48   53   78   36251
128409002 870 71   57   83  183  340  430  564  655  725  719  679  467   36251
118409002 970351  217  177   91   70   54   44   44   48   50   54   53   36251
128409002 970 54   57   91  207  322  431  519  595  570  560  456  424   36251
1184090021070378  320  233  156  121  102   61   59   60   58   62   69   36251
1284090021070 78   74  102  205  311  423  536  619  652  630  594  521   36251
1184090021170406  287  173  122   87   76   72   72   78   85   84   87   36251
1284090021170 90   90  117  207  300  410  509  585  608  619  561  473   36251
1184090021270417  323  181  155  119  102   85   76   73   78   80   82   36251
1284090021270 84   86  119  198  282  360  430  463  475  495  479  436   36251
1184090021370368  278  174  118   88   78   75   78   80   79   80   84   36251
1284090021370 87   89  126  202  294  396  480  521  564  577  555  536   36251
1184090021470424  345  285  245  194  176  170  164  164  165  129  112   36251
1284090021470 91   86  123  247  421  565  632  639  610  585  534  507   36251
1184090021570434  341  206  136  100   96   98   92   94      C108   99   36251
1284090021570104   98  143  250  377  498  605  679  733  703  667  513   36251
1184090021670504  450  312  207  158  153  133  160  129   90   56   46   36251
1284090021670 59   46   77  217  289  408  537  613  661  683  738  710   36251
1184090021770664  539  250  145   90   83   78   82   82   75   68   65   36251
1284090021770 62   65  117  217  284  379  432  460  464  469  469  444   36251
1184090021870382  319  206  116   71   66   67   66   68   69   76   78   36251
1284090021870 71   65  116  236  355  459  553  637  694  709  710  678   36251
1184090021970590  482  329  199  123   93   75   75   69   74   77   78   36251
1284090021970 78   82  126  304  478  581  697  797  788  763  779  742   36251
1184090022070648  519  320  221  148  113  104   92   93   97  107  111   36251
1284090022070115  113  168  322  476  624  761  828  910  941  942  831   36251
1184090022170696  542  402  297  205  158  147  122  105   81   74   73   36251
1284090022170 78   83  153  294  423  574  703  808  839  829  767  663   36251
1184090022270537  436  333  208  128  124  114  114  108  104  113  108   36251
1284090022270 95   83  153  261  459  624  766  843  851  899  917  841   36251
1184090022370728  629  415  278  214  157  133  119  113  106  111  114   36251
1284090022370119  105  194  341  513  698  832  860  873  896  841  803   36251
1184090022470721  593  453  326  238  212  197  195  193  180  187  183   36251
1284090022470174  172  252  432  558  701  900  948  022 M034 M037 M962   36251
1184090022570858  677  514  347  256  218  197  178  162  151  137  126   36251
1284090022570127  135  216  427  527  632  753  845  896  926  934  861   36251
1184090022670765  609  457  332  229  186  160  139  128  118  111  107   36251
1284090022670108  114  222  440  611  744  842  884  955  992  993  953   36251
1184090022770859  671  490  302  199  152  130  114  116  120  126  127   36251
1284090022770103  107  209  405  599  749  811  816  848  870  852  819   36251
1184090022870681  556  404  254  166  123  117   98   95  128  109   82   36251
1284090022870 80   88  157  258  330  364  427  482  540  596  609  582   36251
118409003 170485  369  285  172  123  105   81   83   98  106  103  102   36251
128409003 170107  109  185  331  500  613  703  828  876  877  828  810   36251
118409003 270710      C    C    C    C    C    C    C    C128  126  127   36251
128409003 270140  146  236  365  492  593  703  791  809  825  819  774   36251
118409003 370825  546  374  247  192  159  140  123  117  117  117  118   36251
128409003 370120  111  206  291  382  520  707  773  803  830  808  724   36251
118409003 470645  545  378  289  210  161  133  111   92   81   85   90   36251
128409003 470101  110  183  301  416  512  624  711  718  708  676  638   36251
118409003 570598  533  402  294  202  150  130  124  124  121  114  119   36251
128409003 570118  126  225      C487  558  650  691  711  698  664  612   36251
118409003 670615  529  454  327  242  214  201  194  190      C    C    C 36251
128409003 670    C210  314  475  565  664      C    C    C    C    C    C 36251
118409003 770    C    C    C    C    C    C    C    C    C    C    C    C 36251
128409003 770    C    C    C    C    C    C    C    C    C    C    C    C 36251
118409003 870500  410  321  212  148  121  110  107  100  108  107  104   36251
128409003 870104  118  198  285  347  422  574  619  610  609  554  518   36251
118409003 970453  387  276  203  156  121  105  100   99      C107  100   36251
128409003 970101  108  156  235  283  355  452  520  563  539  525  482   36251
1184090031070417  316  233  150  117  103   85   80   73   67   78   85   36251
1284090031070 81   83  169  310  407  460  540  580  612  582  588  554   36251
1184090031170    C    C    C    C    C    C    C    C    C    C    C    C 36251
1284090031170    C    C    C    C    C    C    C    C    C    C    C    C 36251
1184090031270489  400  286  190  153  133  125  113  100      C100   98   36251
1284090031270108  116  168  235  332  418  541  617  613  662  690  739   36251
1184090031370799  697  517  287  173  138  129  151  149      C 94   85   36251
1284090031370 76   80  198  361  469  568  655  709  747  683  628  576   36251
1184090031470495  467  363  206  117   92   78      C 74      C 75   76   36251
1284090031470 76   83  195  312  430  520  574  641  626  582  570  517   36251
1184090031570461  390  278  196  145  119  108   96  100   96  108  102   36251
1284090031570105  112  195  287  370  460  530  598  628  606  591  537   36251
1184090031670488  417  292  205  149  117   99   97  100  106  106  107   36251
1284090031670105  111  199  310  401  494  609  674  687  633  613  568   36251
1184090031770508  419  336  217  168  148  123  114  109      C144  140   36251
1284090031770134  153  245  370  438  532  620  702  734  694  613  565   36251
1184090031870500  436  338  246  188  163  143  124  116  117  117  121   36251
1284090031870118  132  244  416  516  572  597  711  693  666  648  619   36251
1184090031970540  458  336  236  168  149  130  120  108   98   95   97   36251
1284090031970 99  120  261  405  524  631  725  777  821  798  728  671   36251
1184090032070584  500  395  287  221  186  162  152  148  149  130  125   36251
1284090032070126  160  319  470  593  652  786  873  844  791  730  614   36251
1184090032170495  511  453  395  377  282  193  174  169  191  196  106   36251
1284090032170 79   85  213  320  370  485  567  571  581  580  490  419   36251
1184090032270379  294  203  143   80   44   37   24   26   33   25   33   36251
1284090032270 44   80  213  447  581  731  839  962  019 M987  947  826   36251
1184090032370717  566  427  311  226  161  148  157  147  150  147  111   36251
1284090032370102  147  319  468  591  704  809  884  928      C    C    C 36251
1184090032470608  475  368  241  155  119  103  106  107  101  101  105   36251
1284090032470 92  107  193  265  329  436  552  643  694  695  655  581   36251
1184090032570484  408  341  276  197  167  127  111   87   82   74   68   36251
1284090032570 73  128  309  538  606  694  840  026 M033 M954  898  812   36251
1184090032670659  526  335  214  145  115   98   95  111  118  114  110   36251
1284090032670104  151  354  547  663  723  795  915  911  892  815  692   36251
1184090032770594  500  392  294  203  175  134  131  129  128  128  132   36251
1284090032770132  164  277  388  474  586  688  819  893  907  853  768   36251
1184090032870629  487  408  282  207  164  139  137  141  141  141  141   36251
1284090032870139  175  310      C574  672  785  877  887  874  835  791   36251
1184090032970686  685  439  326  237  176  155  155  149  153  131  106   36251
1284090032970 87  137  282  497  502  621  749  795  839  822  792  727   36251
1184090033070660  571  452  295  192  134  131  144  151      C    C    C 36251
1284090033070    C    C    C    C    C    C446  491  471  409  351  316   36251
1184090033170286  250  216  172  144  118  109  105  101  100   97   91   36251
1284090033170 84  119  210  310  414  519  609  653  626  623  606  582   36251
118409004 170531  465  360  255  199  174  152  143  138  125  120  114   36251
128409004 170113  158  250  361  450  543  650  709  722  738  716  675   36251
118409004 270623  514  395  283  219  191  162  145  137  139  136  134   36251
128409004 270136  186  310  403  471  543  633  692  700  688  631  578   36251
118409004 370531  456  380  272  214  179  152  146  149  151  146  141   36251
128409004 370128  160  225  311  404  444  556  699  704  694  637  565   36251
118409004 470493  424  353  261  187  155  131  120  123  136  141  140   36251
128409004 470122  166  279  357  454  525  623  680  678  700  636  578   36251
118409004 570496  459  394  270  188  158  143  130  121  119  119  122   36251
128409004 570137  161  196  279  371  480  552  580  639  628  564  488   36251
118409004 670416  400  328  231  163  137  121  113  113  117  120  118   36251
128409004 670124  175  240  320  418  509  610  645  620  624  588  523   36251
118409004 770475  431  360  258  191  157  138  128  129  137  133  126   36251
128409004 770126  163  223  286  364  452  506  538  538  473  405  367   36251
118409004 870347  330  289  217  193  161  123  112  112  114  121  127   36251
128409004 870128  164  242  347  436  543  642  668  681  662  604  537   36251
118409004 970496  422  335  237  190  168  144  136  137  146  139  123   36251
128409004 970126  181  215  246  276  359  480  541  576  517  407  318   36251
1184090041070269  235  216  190  178  152  120  120  113  110   77   48   36251
1284090041070 58   80  100  117  137  135  148  152  153  158  148  149   36251
1184090041170184  182  178  181  167  125  111   79   76   80   80   90   36251
1284090041170 93  120  154  185  260  406  448  490  516  470  443  388   36251
1184090041270238  213  179  149  110   89   94   79   65   82   71   62   36251
1284090041270 45   67   99  128  151  203  218  242  268  306  334  311   36251
1184090041370269  237  182  149  108  101   95  100  103  104  109  109   36251
1284090041370108  169  274  388  533      C610  614  591  596  560  515   36251
1184090041470419  339  263  172  109   60   38   40   34   38   48   37   36251
1284090041470 35   79  138  180  196  264  340  394  396  389  321  292   36251
1184090041570260  236  197  146  117  102   95   98   94   88   87   80   36251
1284090041570 82  139  212  266  346  423  503  557  549  555  495      C 36251
1184090041670    C    C    C233  179  143  120  118  120  126  127  122   36251
1284090041670132  195  295  395  496  568  641  692  707  688  656  604   36251
1184090041770462  394  329  244  189  144  117  111  108  101   84   67   36251
1284090041770 74  136  183  247  356  492  589  628  610  626  559  494   36251
1184090041870432  337  280  212  145  100   86   92   84   82   76   73   36251
1284090041870 78  134  217  295  349  395  435  461      C478  470  443   36251
1184090041970398  359  318  237  163  129  109  100   97   94   92   90   36251
1284090041970 91  171  290  413  512  578  641  679  694  674  628  586   36251
1184090042070511  470  403  336  252  189  151  131  126  135  138  133   36251
1284090042070127  201  323  437  548  619  637  683  734  709  697  657   36251
1184090042170568  490  388  303  258  200  167  144  125  104  107  109   36251
1284090042170121  225  379  512  613  696  765  798  790  741  677  593   36251
1184090042270527  480  405  333  256  213  168  155  157  140  135  133   36251
1284090042270152  238  324  439  494  576  649  670  670  658  616  549   36251
1184090042370512      C331  297  183  136  121  133  138  124  106   95   36251
1284090042370 99  179  287  400  429  374  335  340  322  306  309  336   36251
1184090042470316  320  257  199  134   89   94   84   80   83   80   79   36251
1284090042470 81  126  210  281  351  411  382  413  382  360  338  336   36251
1184090042570289  265  238  195  158  132  118  109  101   92   83   83   36251
1284090042570 91  138  197  264  342  401  481  533  560  533  512  448   36251
1184090042670401  361  313  257  209  141  132  132  154  137   98   87   36251
1284090042670 85  136  225  279  286  279  281  284  302  309  296  273   36251
1184090042770248  234  211  175  130  103   97   97   97  100   89   88   36251
1284090042770 95  139  173  189  223  249  306  347  399  414  393  357   36251
1184090042870311  276  228  188  157  118  101  100  113  101  102  102   36251
1284090042870108  140  159  174  218  268  292  330  379      C409  354   36251
1184090042970    C249  211      C    C 85   88   87   95   85   70   72   36251
1284090042970 80  107  129  190  203  219  238  233  244  230  218  204   36251
1184090043070207  200      C156  134  121  106  103  101   99   95   88   36251
1284090043070 89  111  137  179  239  290  335  373  377  366  331  303   36251
1184090 5 170241  209  154   92   60   34   24   24   27   25   21   24   36252U
1284090 5 170 34   90  199  353  446  457  460  477  457      C443  402   36252U
1184090 5 270358  310  264  212  153  113   84   72   78   81   82   76   36252U
1284090 5 270 79  118  193  272  364  332  334  365  389  380      C345   36252U
1184090 5 370310  276  242  196  127   96   84   83   85   81   74   56   36252U
1284090 5 370 70  131  274  386  386  411  449  457  477  463  500  453   36252U
1184090 5 470415  331  244  206  153  104   84   77   74   81   80   83   36252U
1284090 5 470 93  163  245  361  405  448  450  485  492  548  491  411   36252U
1184090 5 570338  292  232  185  127   94   76   76   71   64   62   65   36252U
1284090 5 570 74  116  168  213  254  293  352  369  410  413  374  321   36252U
1184090 5 670255  205  194  173  125   88   77   73   75   79   77   81   36252U
1284090 5 670 87  153  240  316  366  415  459  482  471  447  403  362   36252U
1184090 5 770340  314  263  216  163  121   87   66   76   80   85   79   36252U
1284090 5 770 86  159  239  290  359  404  451  489  489  481  418  367   36252U
1184090 5 870326  288  273  230  174  123   99   86  110  110  107   92   36252U
1284090 5 870 82  138  237  354  442  477  541  555  526  484  457  429   36252U
1184090 5 970403  372  316  250  177  128  119  109  108  109  112  107   36252U
1284090 5 970 98  133  190  267  306  381  438  458  469  448  416  389   36252U
1184090 51070340  288  237  186  162  125  115  110  107  106   93  107   36252U
1284090 51070 85  114  174  272  370  499  528  529  512  484  443  394   36252U
1184090 51170326  297  278  254  190  126  133  118  103  101   90   79   36252U
1284090 51170 79  117  174  227  241  277  288  282  281  272  245  206   36252U
1184090 51270186  164  137  117  114   91   77   72   74   72   53   41   36252U
1284090 51270 54  142  252  363  458  519      C    C507  461  414  360   36252U
1184090 51370300  277  246  211  170  120   86   75   71   72   68   63   36252U
1284090 51370 71  122  195  240  287  332  363  410  377  395  364  291   36252U
1184090 51470247  206  162  128  108   85   74   64   64   61   51   55   36252U
1284090 51470 74  173  312  446  533  603  644  661  668  628  566  499   36252U
1184090 51570428  378  328  275  205  157  120  111  107  110  112  105   36252U
1284090 51570114  189  314  418      C569  610  624  598  582  554  479   36252U
1184090 51670406  352  288  248  201  156  122  108  107   93   90   91   36252U
1284090 51670112  197  305  427  520  587  649  691  704      C622  589   36252U
1184090 51770503  430  324  272  221  156  122  121  122  130  126  113   36252U
1284090 51770113  194  318  445  512  549  579  586  568  547  518  459   36252U
1184090 51870383  322  267  230  173  134  114   97   86   80   90   94   36252U
1284090 51870123  241  365  400  528  541  577  499  397  336  285  247   36252U
1184090 51970248  205  176  129   93   71   72      C 68   61   51   49   36252U
1284090 51970 67  133  201  265  326  394  420  444  473  468  427  373   36252U
1184090 52070330  284  232  201  154  123  102  102   98   91   83   84   36252U
1284090 52070106  162  229  274  298  310  325  330  347  350  337  286   36252U
1184090 52170247  206  174  127  102   68   54   55   49   44   37   33   36252U
1284090 52170 40  117  198  270  309  321  335      C345  326      C213   36252U
1184090 52270173  140  102   49   31   28   29   22   42   36   38   39   36252U
1284090 52270 56  101  173  317  419  492  548  565  535  504  481  393   36252U
1184090 52370333  269  221  169  131  101   70   60   56   54   54   37   36252U
1284090 52370    C109  157  183  203  231  252  256  272  239  232  210   36252U
1184090 52470188  162  149  121   98   77   62   50   46   46   45   40   36252U
1284090 52470 50  107  177  233  305  359  402  450  475      C437  379   36252U
1184090 52570330  272  242  197  158  111   97   97  103  104   81   75   36252U
1284090 52570 75  111  155  191  259  344  388  356  354  315  281  237   36252U
1184090 52670196  161  131  105   78   58   46   45   54   43   34   29   36252U
1284090 52670 43  115  189  208  234  228  236  240  245      C235  239   36252U
1184090 52770239  223  124   84   65   37   30   30   23   66   17   23   36252U
1284090 52770 25   63  104  144  212  241      C298  281  264  243      C 36252U
1184090 52870225      C244      C224  184      C183  183      C183  183   36252U
1284090 52870    C202      C142  160  142  160      C141  160      C160   36252U
1184090 52970    C    C159      C159  118  118  100  100  100      C    C 36252U
1284090 52970117  119  100      C266  308      C400  393  353  313  238   36252U
1184090 53070230  208  176      C 26   36   41      C 34   30   22   17   36252U
1284090 53070    C 59  105      C146      C 90   93  129  134   90      C 36252U
1184090 53170 90   59   24   15      C 25   25   12      C 23   18   16   36252U
1284090 53170 17   63  166  242  329  416  428  470  475  453  439  351   36252U
2184090 54070318  276  232  191  153  104   84   76   75   79   75   70         
2284090 54070 77  122  196  272  327  399  433  457  469  447  417  362         
2184090 55070 30   29   31   28   30   31   30   29   30   30   30   30         
2284090 55070 28   31   30   29   30   30   28   28   31   27   28   29         
1184090 6 170    C274      C233  205  179  152  155  151  151      C    C 36252U
1284090 6 170141  184  252  335  422  463  421  411      C389  350  296   36252U
1184090 6 270302  271  259  267  215  167      C    C    C    C    C    C 36252U
1284090 6 270    C    C139  238  265  277  295  324  345  373  345  296   36252U
1184090 6 370295  276  270  257  226  186  145      C107  108  106  102   36252U
1284090 6 370    C172  284  328      C381  407  416  408  401  417      C 36252U
1184090 6 470313  296  276  257      C    C153      C101   96   86   89   36252U
1284090 6 470105  142  252  361  433  427  435  463  468  483  459      C 36252U
1184090 6 570378  310  266  237  212  140   96   71      C 85   86      C 36252U
1284090 6 570 85  134  217  319  335  327  327  327  308      C308  327   36252U
1184090 6 670327  308  327  309      C    C308  327  308  308  326  327   36252U
1284090 6 670327  326  327  224  225  263      C    C280  278  518  525   36252U
1184090 6 770526  520  527      C582  571  572  571      C611      C695   36252U
1284090 6 770658  637  648  254      C190  196  194  196  192  195  184   36252U
1184090 6 870180  161  140      C 72   50   53   47   30   86   95   42   36252U
1284090 6 870    C 74   96  109  109  119      C123  126  123  121  111   36252U
1184090 6 970113  111   85      C 53   54   42   22   17   93   15   79   36252U
1284090 6 970    C 48   53   79      C131   93   96   92   88   89   88   36252U
1184090 61070 92   93  107   95  116   83   71   65      C    C    C 49   36252U
1284090 61070 96  119  172  174  177      C    C    C    C 93      C 93   36252U
1184090 61170100      C 93   68   38   23   13   19   15   36   45      C 36252U
1284090 61170 43   95  123  203  205  207  191  181  177  177  178  186   36252U
1184090 61270197  192  185  174  155  147  135  128  111  103   89   96   36252U
1284090 61270142  149  178  179  179  205  212  202  165  180  265  398   36252U
1184090 61370521  349  310  311  303  304  258  206  154  104   75   57   36252U
1284090 61370 73   84  108  130  145  166  176  192  192  203  209  203   36252U
1184090 61470209  213  217  210  206  213  202  183  152  135  112   95   36252U
1284090 61470107  178  208  196  193  199  155  144  122  122  120  123   36252U
1184090 61570124  128  121   88   65   46   32   44   37   26   17   27   36252U
1284090 61570 78  122  169  208  211  207  210  214  214  205  195      C 36252U
1184090 61670    C    C    C    C    C    C    C    C    C    C    C    C 36252U
1284090 61670    C    C    C178  177  177  173  176  183  180  178  176   36252U
1184090 61770170  170  163  130  128  113  109      C    C    C    C    C 36252U
1284090 61770    C    C163  203  223  238  223  213      C180  174  170   36252U
1184090 61870169  172  164  116   79   45   17   43   40   23   15   16   36252U
1284090 61870 48  101  168  274  275  298  266  274  282  260  254  224   36252U
1184090 61970215  221  209  160  138  117   95   73   62   50   36   35   36252U
1284090 61970 80  123  168  179  178  168  153  148  156  163  159  162   36252U
1184090 62070    C    C    C    C    C    C    C    C    C    C    C    C 36252U
1284090 62070    C    C199  222  257  240  237  228  230  217  209  211   36252U
1184090 62170213  215  207  161  118   91   80   97   75   67   57   57   36252U
1284090 62170111  176  233  271  291  298  271  274  275  265      C256   36252U
1184090 62270245  248  225  164  116   84   64   50   49   45   38   44   36252U
1284090 62270 71   72   70   71   81   88   96   93   94  101  114  116   36252U
1184090 62370118  118  113   86   65   46   24   20   15   13   44   34   36252U
1284090 62370 69   90  118  120  125  133  128  135  153  160  162  164   36252U
1184090 62470167  166  160  140  125  102   99   92   81   62   51   57   36252U
1284090 62470 91  123  137  144  149  137  130  132  127  124  128  157   36252U
1184090 62570162  168  166  140  126  114   94   77   76   61   45   44   36252U
1284090 62570 83  117  179  249  270  241  221  226  210  212  200  180   36252U
1184090 62670177  174  168  137   96   83   74   65   56   38   27   35   36252U
1284090 62670 96  164      C254  251  239  224  250  251  255  242  229   36252U
1184090 62770218  201  194  170  126   97   79   74   62   51   45   44   36252U
1284090 62770 97  146  211  209  208  203  189  170  176  175  165  167   36252U
1184090 62870176  172  170  155  125  123  112  110   90   67   58   41   36252U
1284090 62870 80  108  120  132  138  160  160  164  162  154      C161   36252U
1184090 62970169  189  174  141  107   77   69   66   63   59   54   57   36252U
1284090 62970101  157  172  195  195  188  190  178  171  170  166  165   36252U
1184090 63070163  164  160  126  120  100   83   79   64   47   36   43   36252U
1284090 63070119  186  220  226  218  223  227  244  224  215  208  202   36252U
2184090 64070180  192  174  160  125  101   94   73   64   67   51   49         
2284090 64070 96  128  172  205  208  207  210  198  192  180  195  180         
2184090 65070 27   27   27   25   26   26   27   24   23   25   23   23         
2284090 65070 23   26   28   30   27   29   27   28   27   29   27   27         
1184090 7 170203  207  203      C135  119  112  100   82   73   62   71   35238U
1284090 7 170127  188  240  266  280  267  269  256  254  259  263  271   35238U
1184090 7 270293  292  272  240  202  170  141  141  134  115   92   97   35238U
1284090 7 270129  170  203  216  225  234  228  221  212  208  207  198   35238U
1184090 7 370201  196  174  132  115  103   90   87   90   78   48   49   35238U
1284090 7 370113  174  225  254  235  224  213  207  213  214  222  228   35238U
1184090 7 470226  221  212  172  148  132  118  110   91   72   56   65   35238U
1284090 7 470130  211  254  232  227  253  251  255  247  229  224  213   35238U
1184090 7 570218  212  201  161  126  101  103   98   92   90   60   45   35238U
1284090 7 570106  148  166  187  194  188  203  195  191  193  191  175   35238U
1184090 7 670178      C169  139  122  107   96   78   73   68   60   50   35238U
1284090 7 670105  177  263  319  317  335  345  347  329      C    C250   35238U
1184090 7 770247  251  227  183  154  121  103   94   92   87   70   76   35238U
1284090 7 770123  173  215  227  247  243  252  257  258  260  258  250   35238U
1184090 7 870221  216  208  160  138  120  111  110  103  107   89   87   35238U
1284090 7 870122  129  136  150  153  160  159  167      C170  172  169   35238U
1184090 7 970171  175  166  138  106   75   74   59   52   48   36   30   35238U
1284090 7 970 77  121  159  169  168  172  167  178  184  191      C187   35238U
1184090 71070175  173  170  155  125  103   81   74   82   68   62   70   35238U
1284090 71070 89  116  135  148  155  156  160  162  165  169  173  170   35238U
1184090 71170166  165  162  131  114  109   88   60   36   26   22   24   35238U
1284090 71170 65   99  136  173  210  225  258  281  295  299  292  270   35238U
1184090 71270253  232  207  149   99   79   74   84   72   74   68   54   35238U
1284090 71270 68   91  126  165  172  177  177  163  160  164  168  162   35238U
1184090 71370159  168  163  153  126  122  122  136   95   39   25   26   35238U
1284090 71370 71  125  159  149  138  155  162  163  173  172  170  158   35238U
1184090 71470146  162  155  133  116   99   82   70   50   28   26   26   35238U
1284090 71470 79  148  194  223  232  213  207  220      C250  247  226   35238U
1184090 71570201  172  171  132  116  110  100  100   76   49   22   43   35238U
1284090 71570 29   67   88  108   96  121  124  133  145  157  163  163   35238U
1184090 71670163  170  164  116   70   32   33   28   29   26   18   19   35238U
1284090 71670 61  103  117  128  122  166  165  165  169  173  175  177   35238U
1184090 71770193  199  198  184  197  174  147  143  139  133  125  118   35238U
1284090 71770141  185  220  254  253  260  257  257  254  261  260  268   35238U
1184090 71870287  300  296  218  183  163  157  142  138  116  103   98   35238U
1284090 71870136  175  178  180  206  214  220  223  233  248  252  250   35238U
1184090 71970247  250  247  221  196  175  156  153  133  125  101   93   35238U
1284090 71970126  182  250  261  258  242  215  219  250  259  257  252   35238U
1184090 72070258  264  243  203  170  154  153  149  152  136  124  119   35238U
1284090 72070136  161  196  217  234  242  235  228  243  249  247      C 35238U
1184090 72170258  268  254  227  204  186  176  164  157  149  135  133   35238U
1284090 72170178  221  262  302  304  298  313  311  319  311  305  306   35238U
1184090 72270311  332  335  309  278  248  227  201  186  172  165      C 35238U
1284090 72270    C210  254  296  307  294  284  271  267  264  265  287   35238U
1184090 72370292  297  296  251  203  171  148  136  134  119  113  112   35238U
1284090 72370139  188  216  223      C236  245  240  240  252  255  253   35238U
1184090 72470252  252  240  210  181  159  153  153  149  141  124  109   35238U
1284090 72470147  209  255  298  316  303  311  328  339  390  359  336   35238U
1184090 72570316      C320  297  271  236  213  210  194  182  180  172   35238U
1284090 72570208  244  293  335  345  347  352  346  346  356  363  361   35238U
1184090 72670349  338  314  276  249  237  219  208  197  184  170  167   35238U
1284090 72670210  294  363  388  396  398      C437  438  422  386  379   35238U
1184090 72770385  402  359  310  268  225  213  205  215  204  193  178   35238U
1284090 72770215  270  318  347  352  355  390  392  417  399  380  365   35238U
1184090 72870352  342  332  307  272  257  243  243  217  210  186  177   35238U
1284090 72870199  222  273  291  305  310  307  308  291  300  310      C 35238U
1184090 72970321  393  418  315  308  336  316  289  224  134  114  119   35238U
1284090 72970144  161  176  202  211  214  219  220  218  226  240  246   35238U
1184090 73070241  241  226  208  196  183  166  155  147  137  128  130   35238U
1284090 73070172  234  270  298  308  307  312  339  346  348  342  340   35238U
1184090 73170340  340  328  305  272  243  213  198  185  171  169  162   35238U
1284090 73170186  240  302  262  270  271  292  307  295  282  277  284   35238U
2184090 74070247  241  226  193  170  154  141  136  133  115   92   90         
2284090 74070128  175  216  227  234  242  240  240  250  251  255  250         
2184090 75070 31   29   31   30   31   31   31   31   31   31   31   30         
2284090 75070 30   31   31   31   30   31   30   31   29   30   29   29         
1184090 8 170266  262  249  217  192  176  144  130  110   93   78   80   35238U
1284090 8 170124  194  238  261  266  258  266  262  276  299      C336   35238U
1184090 8 270336  292  291  235  186  159  159  122  115   97   80   68   35238U
1284090 8 270 91  132  164  173  174  171  178  185  182  189  200  213   35238U
1184090 8 370214  216  204  169  126  115  105   88   72   69   47   38   35238U
1284090 8 370 78  129  146  154  158  170  175  185  203  207  214  212   35238U
1184090 8 470217  214  199  160  115   77   62   54   44   40   41   36   35238U
1284090 8 470 77  127  159  172  173  177  197  184  189  198  198  193   35238U
1184090 8 570193  196  176  156  132  111   95   81   70   66   65   53   35238U
1284090 8 570 85  143  188  233  278  293  309  330  309  304  301  297   35238U
1184090 8 670288  273  242  202  165  145  130  110   89   85   78   75   35238U
1284090 8 670 95  157  200  210  240  267  312  345  358  339  300  276   35238U
1184090 8 770266  262  235  184  151  126  107   99   84   79   77   69   35238U
1284090 8 770 95  148  189  217  258  292  298  307  321  298  284  269   35238U
1184090 8 870267  280  249  213  169  149  136  121  114  104   89   76   35238U
1284090 8 870 92  136  170  197  209  214  246  255  272  267  261  250   35238U
1184090 8 970250  251  226  187      C138  127  107   93   77   69   52   35238U
1284090 8 970 79  132  178  225  224  238  260  269  276  284  263  241   35238U
1184090 81070241  234  223  201      C119  106  110  106   88   77   67   35238U
1284090 81070 80  133  165  195  202  215  240  265  295  300  294  291   35238U
1184090 81170268  262  250  209      C155  123  102   95   86   87   85   35238U
1284090 81170 93  119  131  159      C206  215  223  229  222  220  217   35238U
1184090 81270    C    C    C    C    C    C    C183  177  160  136  127   35238U
1284090 81270159  201  224  252  264  268  283  303  308  325  330  332   35238U
1184090 81370330  347  317  283      C283  283  302  303  303  302      C 35238U
1284090 81370293  347  408  433  435  428  345  345  348  348  348      C 35238U
1184090 81470348      C336  208      C198  182  177  165  143  138  136   35238U
1284090 81470167  209  253  269  296  320  364  391  262  254  249  254   35238U
1184090 81570253  226  191  152      C 85   70   64   58   43   32   18   35238U
1284090 81570 35   84  110  147  218  248  264  285  306  287  260  248   35238U
1184090 81670240  216  185  142      C 87   75   68   57   49   37   44   35238U
1284090 81670 57   84  107  126  107      C138  126  116      C126      C 35238U
1184090 81770151  171  126  106      C106  126  126  106  106  125  126   35238U
1284090 81770106  107  126  215  215  222  251  273  278  249  226  222   35238U
1184090 81870218  197  155  132      C 95   93   86   69   60   49   36   35238U
1284090 81870 59  134  219  263  302      C334  353  347  340  311  309   35238U
1184090 81970289  269  247  203      C    C196  195  215  196  208  183   35238U
1284090 81970201  243  258  266  290  310  344  364  392  396  402  395   35238U
1184090 82070397  376  326  294      C    C286  283  278  263  250  235   35238U
1284090 82070250  290  315  351  391  393  394  394  223  220  218  220   35238U
1184090 82170219  202      C    C    C203  232  246  264  265  264  265   35238U
1284090 82170246  246      C202      C295  336  347  349  309  299  288   35238U
1184090 82270249  246  254      C    C195  191  198  165  121   75   45   35238U
1284090 82270 16   42   73   87  124  127  141      C211  223  234  249   35238U
1184090 82370300  290      C332      C352  330  314      C255  256      C 35238U
1284090 82370259  250      C178  182  211  207  217  253  260  251  272   35238U
1184090 82470262  253  229  213      C205  195  196  175  165  145  125   35238U
1284090 82470168  263  358  438  396  435  460  451  471  475  474  463   35238U
1184090 82570433  392  330  266      C244  222  212  200  182  169  159   35238U
1284090 82570171  245  294  332  354  372  397  418  439  446  469  455   35238U
1184090 82670457  424  358  322      C293  263  241  221  216  201  209   35238U
1284090 82670198  221  262  265  299  352  366  371  363  362  354  352   35238U
1184090 82770358  346  335  285      C288  277  266  257  248  241  227   35238U
1284090 82770245  297  352  230  292  313  369  394  404  409  387  372   35238U
1184090 82870361  322  261  209      C215  201  183  166  155  135  125   35238U
1284090 82870147  236  269  314  350  378  389  401  409  420  406  385   35238U
1184090 82970377  354  288  234      C208  180  166  162  157  148  129   35238U
1284090 82970135  209      C268  296  340  359  387  407  432  432  438   35238U
1184090 83070394  343  270  230      C180  164  160  159  131  110   86   35238U
1284090 83070 91  159  158  158      C198  205  236  242  251  253  248   35238U
1184090 83170242  235  186  177      C146  117  106  104   97   84   73   35238U
1284090 83170 75  118  173  230  303  332  333  312  336  340  345  330   35238U
2184090 84070266  262  248  208  158  157  151  130  114  106   89   80         
2284090 84070 95  157  188  225  265  268  298  309  306  299  289  276         
2184090 85070 30   29   28   28    8   28   30   31   30   31   31   29         
2284090 85070 31   31   28   31   28   29   31   30   31   30   30   29         
1184090 9 170302      C    C    C    C251  244  230  206  200      C157   35238U
1284090 9 170    C    C259  295      C    C    C    C    C    C    C    C 35238U
1184090 9 270    C    C    C    C    C    C    C    C    C    C    C    C 35238U
1284090 9 270    C307  302      C    C    C    C    C    C    C    C    C 35238U
1184090 9 370    C    C    C    C    C    C    C    C    C    C    C    C 35238U
1284090 9 370    C    C    C    C    C    C    C    C    C    C    C    C 35238U
1184090 9 470    C    C    C    C    C    C    C    C    C    C    C    C 35238U
1284090 9 470    C    C    C    C329  344  393  438  485  523  521  493   35238U
1184090 9 570453  389  284  222      C    C    C    C    C    C    C    C 35238U
1284090 9 570    C    C206  225  220  259  275  304  315  312  332  324   35238U
1184090 9 670302  267  227  202      C196  185  171  163  140  132  134   35238U
1284090 9 670137  173  204  224  255  202  228  264  297  308  336  320   35238U
1184090 9 770286  245  185  148      C144  127  113  106  102  110  107   35238U
1284090 9 770113  151  181  248  263  287  220  218      C    C266      C 35238U
1184090 9 870    C    C    C209      C    C    C199  194  183  180  173   35238U
1284090 9 870183  254  315  371  396  426  448  486  515  525  528  539   35238U
1184090 9 970515  465  389  337      C332  315  307  296  284  268  257   35238U
1284090 9 970260  350  444  523  559  611  662  708  732  717  699  681   35238U
1184090 91070645  601  488      C    C397  373  347  344  337  316  307   35238U
1284090 91070305  370  441  242  268      C346  387  422  439  468  466   35238U
1184090 91170486  407  280      C    C    C    C    C    C    C    C    C 35238U
1284090 91170    C    C    C184  200  216  219  214  225  226  234  232   35238U
1184090 91270226  197  130   97      C 68      C 47   42   34   50   42   35238U
1284090 91270 57  127  176  202  220  263  317  386  434  437  423  412   35238U
1184090 91370379  298  206  184      C143  128  117   89   77   65   51   35238U
1284090 91370 73  161  264  289  321  347  388  422  439  430  447  427   35238U
1184090 91470424  373  301  239      C229  199  178  168  166  157  137   35238U
1284090 91470147  255  392  389  394  416  453  445  452  463  469      C 35238U
1184090 91570415  347  247  162      C148  138  129  126  117  104   86   35238U
1284090 91570 78  147  253  331  390  409  434  484  524  528  526  500   35238U
1184090 91670465  366  265  229      C184  170  159  136  122  117   92   35238U
1284090 91670101  201  308  382  430  463  511  525  530  514  492  493   35238U
1184090 91770480  383  283  219      C165  151  131  121  117  115      C 35238U
1284090 91770 95  179  301  334  424  470  511  528  541  532  518  488   35238U
1184090 91870450  351  269  206      C170  141  123  117  111   99   83   35238U
1284090 91870 89  186  299  315  394  454  514  519  500  470  498  477   35238U
1184090 91970447  362  271  204      C192  155      C122  120  119  113   35238U
1284090 91970112  167  254  335  401  480  526  561  601  604  562  531   35238U
1184090 92070476  400  316  255      C231  182  151  132  122  121  116   35238U
1284090 92070120  212  318  343  424  512  569  614  659  652  662  661   35238U
1184090 92170583  479  354  252      C210  183  170  171  165  157  134   35238U
1284090 92170143  249  389  411  485  537      C600  637  654  629      C 35238U
1184090 92270496  397  261  211      C    C171  159  152  139  128   95   35238U
1284090 92270 75  153  267  359  441  509  563  607  578  568  550  546   35238U
1184090 92370493  389  275  207      C130  115  111   96   85   82   77   35238U
1284090 92370 76  164  278  403  473  535  575  623      C587  580  548   35238U
1184090 92470488  380  266  182      C162  144  138  130  125  122  120   35238U
1284090 92470122  171  237  330  436  438  520  574  581  564  521  469   35238U
1184090 92570418  317  224  181      C121  105   91   82   82      C 72   35238U
1284090 92570 69  132  253      C349  391  439  478  518  539      C513   35238U
1184090 92670429  309  204  145      C109  104   93   84   80   75   68   35238U
1284090 92670 69  135      C282  327  388      C    C514  540  539      C 35238U
1184090 92770436  316  197  162  142  118  115   99   91   86   83   78   35238U
1284090 92770 72  120  208  283  342      C443  469  480  507  509      C 35238U
1184090 92870    C291  190  123  109  103   86   82   80   77   73   68   35238U
1284090 92870 68  131  234  292      C379  408  444  474  499  498  467   35238U
1184090 92970407  284  184      C114  100   79   75   75   77   76   73   35238U
1284090 92970 71  121  212  259  294  331  375  407  444      C480  456   35238U
1184090 93070408  291  195  155  122  107   84   73   69   60   49   43   35238U
1284090 93070 44  119  215  257  301  356  414  447  470  452  445  454   35238U
2184090 94070447  362  265  204  118  162  144  130  122  117  115   93         
2284090 94070 92  167  261  305  369  409  439  473  500  523  503  482         
2184090 95070 25   25   25   23    4   23   23   24   25   25   23   24         
2284090 95070 24   25   26   26   26   25   25   26   25   25   26   22         
118409010 170412  270  194  139  108   86   76   73   67   56   49   43   35237U
128409010 170 39   92  187  237  294      C    C376  388  446  449  423   35237U
118409010 270383  278  183  134      C    C 68   60      C 61      C 58   35237U
128409010 270    C107      C226  291      C424  466  509  513  499  468   35237U
118409010 370383  279  182  147  133  122  107   90   83      C 74   68   35237U
128409010 370 64  117  208  270      C    C    C292  309  332  350  314   35237U
118409010 470300      C 81   16   21   36   21   43   45   45   38   30   35237U
128409010 470 29   82  177  269  314  381      C    C370  380  344  325   35237U
118409010 570264  140   52   44   20   38   23   12   13   41   36   30   35237U
128409010 570 24   74  168  215  270  341  385  415  465  479  478  450   35237U
118409010 670418  285  189  118   83   71   58   44   43   36   35   36   35237U
128409010 670 31   78  159  218  302  358  464  525  570  560  516  467   35237U
118409010 770372  244  153  110   86   73   51   40   31   22   67   40   35237U
128409010 770 38   89  177  279  355  450  517  574  602  595  570  538   35237U
118409010 870459  344  236  174  132  109   78   62   63   46   45   46   35237U
128409010 870    C    C177  255  316  407  486  531  540  523  420  378   35237U
118409010 970306  178   86   26   41   20   10   38   32   26   21   17   35237U
128409010 970 19   65  166  273      C454  534  546      C    C    C    C 35237U
1184090101070512  375  275  239  207  212  204  185  166  152  120   94   35237U
1284090101070131  182  216  287      C445  544  584  578  533  491  426   35237U
1184090101170364  242  156   88   56   54   65   66   41   32   35   30   35237U
1284090101170 44   87  165  245  312  416  522  616  670  696  674  646   35237U
1184090101270527  372  246  163  141  121  118  116  113  107   84   70   35237U
1284090101270590  520      C870  614  432  259  160  121  130  206  360   35237U
1184090101370    C    C    C157  109   98   88   86   85   83   76   70   35237U
1284090101370 68  109  211  281  366  455  520  554  575  577  626  583   35237U
1184090101470484  342  241  168  127  111  108  108  108  103   90   87   35237U
1284090101470 78  115  207  297  393  486  535  592  644  649  625  594   35237U
1184090101570480  367  252  182  168  132  118  115  116  117  111  102   35237U
1284090101570 97  154  255  330  384  490  556  607  585  565  559  531   35237U
1184090101670487  357  246  185  140  103   86   79   76   78   77   76   35237U
1284090101670 68  113  212  330      C    C    C619  656  655  647  593   35237U
1184090101770470  316  209  161  130  110   99   84   83   87   91   90   35237U
1284090101770 83  122  232  344  439  521  570  609  623  599  600  560   35237U
1184090101870444  292  214  151  113   87   75   72   71   69   69   70   35237U
1284090101870 71  122  238  349  438  535  599  643  692  694  649  594   35237U
1184090101970532  398  293  217  155  119  106   98   92   88   84   77   35237U
1284090101970 75  125  264  394  495  577  662  678  699  712  683  619   35237U
1184090102070538  389  262  159  116  101   90   84   81   78   76   75   35237U
1284090102070 78  130  214  343  447  531  690  777  787  832  837  805   35237U
1184090102170676  464  295  206  150  126  120  114  108  100   87   78   35237U
1284090102170 73  124  262  392  516  563  639  684  700  698  674  639   35237U
1184090102270503  337  225  160  126  112  103   99   91   84   77   67   35237U
1284090102270 65  108  218  336  401  470  592  641  663  681  657  612   35237U
1184090102370504  339  222  138  105   86   81   77   77   77   77   77   35237U
1284090102370 78  121  219  339  414  481  568  625  664  675  687  662   35237U
1184090102470560  387  249  209  182  179  166  159  142  132  125  118   35237U
1284090102470105  128  239  324  418  488  575  590  603  589  570  528   35237U
1184090102570432  295  208  130  104   94   84   80   75   62   50   49   35237U
1284090102570 49   85  188  270  347  402  469  512  531  554  513  484   35237U
1184090102670382  248  185  107   74   65   61   57   53   52   50   48   35237U
1284090102670 45   80  176  282  385  477  526  600  666  692  652  596   35237U
1184090102770473  313  240  147  111   90   83   78   76   74   71   55   35237U
1284090102770 41   76  203  294  366  458  533  607  650  648  646  583   35237U
1184090102870451  299  188  116   85   72   61   53      C    C 51   51   35237U
1284090102870 44      C184  302  383  438  508  533  543  556  516  468   35237U
1184090102970353  214  139   93   66   50   43   40   39   39   37   37   35237U
1284090102970 38   72  161  257  328  387  458  558  602  639  590  550   35237U
1184090103070503  383  257  226  189  171  169  119   76   49   43   43   35237U
1284090103070 41   72  133      C257  343  427  465  504  505  485  444   35237U
1184090103170349  236  160  104   67   49   47   45   42   41   42   42   35237U
1284090103170 41   71  172  262  342  438  499  528  572      C581  514   35237U
2184090104070455  313  211  147  112   96   83   78   76   69   70   58         
2284090104070 64  108  203  284  366  454  526  579  593  589  575  534         
2184090105070 30   29   30   31   30   30   31   31   29   29   30   31         
2284090105070 29   29   29   30   27   27   27   30   30   29   30   30         
118409011 170383  264  205  123   71   59   51   50   50   47   46   43   35237U
128409011 170 40   62  161  265  342  402  429  434  463  469  456  441   35237U
118409011 270332  203  141   93   65   53   53   52   52   47   42   38   35237U
128409011 270 36   55  166  251  300  336  389  444  496  496  493  429   35237U
118409011 370321  189  120   67   46   41   39   40   39   39   40   39   35237U
128409011 370 39   66  164  263  354  443  478  524  556  548  514  468   35237U
118409011 470374  241  165   99   64   47   42   39   38   38   37   36   35237U
128409011 470 34   52  155  253  339  384      C492  516  501  465  409   35237U
118409011 570303  181  128   68   43   37   35   35   35   35   34   34   35237U
128409011 570 32   43  132  210  297  375  425  463  502  487  475  424   35237U
118409011 670290  166  116   72   48   40   37   35   34   34   32   31   35237U
128409011 670 31   47  145  259  344  394  444  516  555  549  514  456   35237U
118409011 770320  205  151   83   57   42   39   38   38   38   38   38   35237U
128409011 770 40   74  208  314      C485  571  631  692  688  645  565   35237U
118409011 870425  304  205  142  108   80   65   48   56   72   79   81   35237U
128409011 870 71   73  185  336  451      C    C    C    C725  654  544   35237U
118409011 970425  301  188  120   92   80   76   68   53   39   31   30   35237U
128409011 970 21   36  156      C406  488  563  615  650  646  615  517   35237U
1184090111070379  265  187  130  109   86   73   62   52   46   49   47   35237U
1284090111070 47   81  176  319  435  517  610  660  643  648  612  532   35237U
1184090111170427  291  199  121   80   67   67   73   76   74   73   68   35237U
1284090111170 53   77  182  314  410  501  561  576  571  602  577  489   35237U
1184090111270370  254  173  111   75   63   50   43   41   41   41   39   35237U
1284090111270 36   52  157  246  346  424      C535  530  530  502  453   35237U
1184090111370325  208  153   81   43   34   31   31   30   31   32   32   35237U
1284090111370 30   40  136  213  303      C440  491  546  521  488  431   35237U
1184090111470318  195  129   74   40   31   30   29   29   29   29   29   35237U
1284090111470 29   41  135  249  331  381  438  483  497  478  452  364   35237U
1184090111570240  156   98   49   34   29   27   24   22   17   20   21   35237U
1284090111570 22   36  129  215  297  371  390  419  448  467  493  428   35237U
1184090111670292  152  105   65   42   36   33   36   37   39   41   42   35237U
1284090111670 44   75  189  311  433  559  622  635  649  622  559      C 35237U
1184090111770370  237  149   89   70   61   51   49   51   66   64   60   35237U
1284090111770 60   73  187  360  447  599  664  716  696  688  641  548   35237U
1184090111870405  251  168   99   71   61   63   64   66   69   73   69   35237U
1284090111870 63   78  169  289  430  512  632  664  705  597  534  431   35237U
1184090111970317  208  143  107   88   80   76   72   71   70   69   56   35237U
1284090111970 46   55  133  223  339  406  467  516  532  503  462  364   35237U
1184090112070240  141   84   51   43   45   43   42   43   46   45   42   35237U
1284090112070 36   39  117  226  290  364  425  467  472  438  398  356   35237U
1184090112170248  153   94   51   42   42   40   40   40   39   36   32   35237U
1284090112170 30   38  120  230  297  343  389  353  416  420  377  336   35237U
1184090112270221  134   73   38   28   27   27   26   25   26   27   28   35237U
1284090112270 25   29   91  177  256  307  348  387  416  412  373  302   35237U
1184090112370220  118   73   35   22   21   21   20   23   23   26   27   35237U
1284090112370 26   32  100  179  251  324      C444  461  445  422  365   35237U
1184090112470293  189  129   82   71   70   71   72   75   77   79   79   35237U
1284090112470 79   80  135  218  290  351  422  412  426  400  371  307   35237U
1184090112570217  122   88   71   69   70   71   73   74   76   75   74   35237U
1284090112570 70   76  131  206  275  334  395  430  414  435  415  359   35237U
1184090112670258  152   91   76   69   69   68   69   70   70   66   64   35237U
1284090112670 62   72  145  262  332  391  439  456  466  423  400  377   35237U
1184090112770    C184  158  132  123  100   93   88   85   84   81   82   35237U
1284090112770 80   87  174  319  417  619  737  861  969  965  724  480   35237U
1184090112870317  238  214  195  170  158  130   96   82   79   80   82   35237U
1284090112870 83   85  161  266  373  432  542  559  638  604  545  412   35237U
1184090112970291  199  159  109   81   78   77   71   70   73   75   76   35237U
1284090112970 75   77  139  227  304  355  441  470  464  444  437      C 35237U
1184090113070240  168  120   92   82   79   77   74      C    C    C    C 35237U
1284090113070    C    C    C    C    C    C511  579      C552  510  414   35237U
2184090114070317  197  142   86   69   60   51   48   50   46   42   42         
2284090114070 40   62  155  252  339  394  442  492  523  512  493  428         
2184090115070 29   30   30   30   30   30   30   30   29   29   29   29         
2284090115070 29   29   29   28   28   27   26   29   28   30   30   28         
118409012 170309  220  153  119   96   84   77   73   70   70   72   71   35237U
128409012 170 69   76      C254  339  426  486  508  499  485  432  378   35237U
118409012 270280  177  118   83   77   75   74   74   76   77   76   76   35237U
128409012 270 75   78      C222  332  452  507  504  531  519  492  410   35237U
118409012 370287  196  129  103   84   80   78   78      C 80   80   78   35237U
128409012 370 76   79  159  269  359      C542  601  604  570  577  485   35237U
118409012 470351  235      C149  127  124  119  109   87   81   77   76   35237U
128409012 470 77   86  179  335  459  532  574      C640  609  556  495   35237U
118409012 570376  274  182  123   89   75   67   65   69   75   79   81   35237U
128409012 570 82   86  178  294  422      C    C733  722  689  617      C 35237U
118409012 670383  278  176  129   97   82   81   79   79   79   80   82   35237U
128409012 670 85  101  197  336  473  533      C625      C645  630  537   35237U
118409012 770    C262  178  124  110   95   94  107  115  113  102   96   35237U
128409012 770101  117  201  299  396  480      C580  652  549  511  439   35237U
118409012 870314  217  147  111   89   86   87   87   86   87   87   85   35237U
128409012 870 85   90  176  305  408      C621  586  599  578  545  508   35237U
118409012 970379  273  196  135  115  101   95   92   92   92   52   54   35237U
128409012 970 50   48  124  252  374  421  505  532  553  539  495  432   35237U
1184090121070328  202  127   78   58   46   43   42   42   43   43   42   35237U
1284090121070 41   46  123  222  303      C435  455  466  466  446  376   35237U
1184090121170243  148  100   71   47   42   41   43   42   43   41   36   35237U
1284090121170 34   37  117  221  324  481      C561  602  546  506  424   35237U
1184090121270314  231  168  123  100   92   91   92   92   94   94   98   35237U
1284090121270 92   89  167  287  385  493  572  658  713  681  622  524   35237U
1184090121370435  326  247  177  166  156  138  136  133  130  128  128   35237U
1284090121370127  130  204  342  501  616  696      C641  607  578      C 35237U
1184090121470342  232  167  125  113  102   91   87   83   84   84   88   35237U
1284090121470 88   91  161  281  412  517  582  670  572  530  516  468   35237U
1184090121570346  255  188  160  137  131  130  130  129  129  130  130   35237U
1284090121570131  136  194  303  390  473  501  515  596  547  514  467   35237U
1184090121670331  225  164  132      C129  128  127  126      C132  135   35237U
1284090121670138  136  194  312  384  512  642  685  670  606  551  488   35237U
1184090121770378  269  207  164  138  138  139  137  140  151  159  163   35237U
1284090121770164  163  197  251  350  382  496  586      C509  475  385   35237U
1184090121870270  163  121   92   88   91   89   89   88   87   87   87   35237U
1284090121870 86   90  151  240  318  378      C482  527  487  461  411   35237U
1184090121970288  214  161  134  126  126  130  136  138  145  147  140   35237U
1284090121970135  133  181  265  327  394  484  462  483      C405  338   35237U
1184090122070    C152  117   88   78   79   81   82   83   83   83   83   35237U
1284090122070 86   89  131      C    C    C487  484  472  473  404  310   35237U
1184090122170183   83   26   38   33   33   35   37   38   40      C 37   35237U
1284090122170 34   31   34      C159  232  299      C    C283  247  311   35237U
1184090122270225      C    C 78   73      C    C    C    C    C    C    C 35237U
1284090122270    C    C    C    C    C104  155      C188  400  359  287   35237U
1184090122370210  141      C 76   68   62   63   67   66   69      C 80   35237U
1284090122370 80   82  132  234  305      C458  520  497  467  411      C 35237U
1184090122470287  222  162      C 73   66      C 71   74   76   78   77   35237U
1284090122470 76   76  130  251  348  494  559  665  638  620  566  487   35237U
1184090122570398  253  171  125   89   80   77   75   73   75   71   65   35237U
1284090122570    C 66  126  243  337  409  496  491  540  507  429  374   35237U
1184090122670259  167  115   78      C    C 52   54      C    C    C 68   35237U
1284090122670 70   69  123  225  312  399  459  507  479  449  409  359   35237U
1184090122770285  175  106   79   72   69   68   69   70   71   72   72   35237U
1284090122770 73   77  129  224  291  377  466  479  517  496  454      C 35237U
1184090122870262  164  114   83   73   67   67   68   70   71   72   70   35237U
1284090122870 69   73  126      C301  393  489  475  482  457  429  328   35237U
1184090122970219  163  129   92   73      C    C    C 56   54   55   58   35237U
1284090122970    C 68   81  160  241  300  398  415  415  414  374  293   35237U
1184090123070212      C    C 50   33   25   23   21   21   24   28   30   35237U
1284090123070 32   37  109  218  332  442  479  484  473  475  393  300   35237U
1184090123170258  164   98   64   38   30   29   29   29   29   31   28   35237U
1284090123170 28   34   98  218  358  451  561  615  544  539  453  402   35237U
2184090124070288  217  153  107   88   81   79   78   77   78   79   77         
2284090124070 78   80  141  252  348  442  496  520  542  524  475  410         
2184090125070 29   29   27   30   29   28   28   29   28   28   27   30         
2284090125070 28   30   28   27   29   25   26   27   28   30   31   27         
