7 BOULDER           GOES1         136.38   26  252      0EMT          FR
1184085 1 170384 M 37  599 M 19   20   24   28   28   30   29   27   32   26252
1284085 1 170 33   21   17   39   67   87  112  121  145  146  140  102   26252
1184085 1 270 73   30   18    9    9   10   13   16   26   26   24   23   26252
1284085 1 270 24   22   16   35   58   84  117  124  156  117   89   93   26252
1184085 1 370 63   47   26   19   19   19   17   18   18   19   20   25   26252
1284085 1 370 31   22   14   26   45   72   95   99   98  100   82   77   26252
1184085 1 470 71   61   25   17   17    8   17   18   18   19   19   21   26252
1284085 1 470 24   23   21   33   51   60   65   68   79   74   65   56   26252
1184085 1 570 52   38   23   17   17   17   16   18   17   16   17   19   26252
1284085 1 570 20   18   12      C 47   61   76   82   80   71   57   51   26252
1184085 1 670 46   36   16   14   14   15   16   17   16   12   13   14   26252
1284085 1 670 15   10    9   24   43   59   67   77   77   76   60   50   26252
1184085 1 770 34   23   16   14   12   12   14   16   16   13   13   15   26252
1284085 1 770 17   16   13   27   45   64   72   71   74   76   67   50   26252
1184085 1 870 37   24   16   16   17   18   21   23   20   23   31   25   26252
1284085 1 870 26   18   16   30   40   62   99  109  105  152 M160 M169 M 26252
1184085 1 970169 M 34   19   17   18   20   28   28   32   42   40   35   26252
1284085 1 970 32   30   20   44   92  102   97  109  100   78   70   63   26252
1184085 11070 53   31   14    3    3    1    1    2   12   20   29   34   26252
1284085 11070 34   25   20   33   50   63   72   76   82   90   92   79   26252
1184085 11170 58   38   20   15   15   15   15   22   21   20   19   17   26252
1284085 11170 17   15   13   33   58   69   82  104  116  135  102   72   26252
1184085 11270 51   31   20   14   14   14    9   11   12   11   12   11   26252
1284085 11270 16   16   14   38   64   87   99  110  107  119   94   81   26252
1184085 11370 61   37   20   16   15   17   21   20   19   19   21   23   26252
1284085 11370 24   19   17   33   68   95  102  103   94   96   92   69   26252
1184085 11470 57   44   32   18   16   16   20   21   22   30   25   24   26252
1284085 11470 27   24   17   45   69  110  113  118  102  102   99   73   26252
1184085 11570 55   48   37   27   24   27   31   34   28   31   32   36   26252
1284085 11570 42   36   21   43   74  128  154  174  147  108   88   89   26252
1184085 11670 68   52   37   35   30   33   33      C 37   33   33   37   26252
1284085 11670 35   34   20   36   50   63  102  109  116  106   86   76   26252
1184085 11770 45   25   21   20   18   21   25   26   21   25   31   38   26252
1284085 11770 42   52   39   52   68   90  107  115  112  100   91   94   26252
1184085 11870 72   59   45   23   22   18   18   20   26   19   17   17   26252
1284085 11870 18   19   16   40   57   64   81      C103   96      C 86   26252
1184085 11970 59   41   20   14   13   13   13   15   16   16   19   22   26252
1284085 11970 22   19   17   40      C 97  122  132  134  102   97   73   26252
1184085 12070 59   29   18   15    5    6    6    6    5    5    6    8   26252
1284085 12070 10    7    4   36   55   78  113  131  143  129  105   80   26252
1184085 12170 57   36   20   14   11   14   23   28   26   27   33   36   26252
1284085 12170 35   21   20   39   72  103  142  165  141  113  108   93   26252
1184085 12270 68   56   36   26   23   27   29   25   30   30   25   38   26252
1284085 12270 33   20   16   37   58   81  114  147  146  158  105  100   26252
1184085 12370 81   62   38   20   20   36   45   43   32   33   38   35   26252
1284085 12370 31   36   19   45   81  139  134  126  136  119  100  101   26252
1184085 12470 72   49   27   22   18   19   21   21   20   18   19   21   26252
1284085 12470 21   26   20      C    C    C104  143  128  112  107   85   26252
1184085 12570 70      C 26   14   16   18   18   21   23   27   31   35   26252
1284085 12570 34   30   22   37   55   73   99  115  118  114  101   96   26252
1184085 12670 71   31   18   15    9    9   12   16   15   13   13   14   26252
1284085 12670 16   16   17   34   59   69   89  106  113  102   83   81   26252
1184085 12770 72   58   29   18   14   13   16   15   16   16   17   18   26252
1284085 12770 18   17   16   37   57   80  103  103  107  123  122  124   26252
1184085 12870 82   70   35   34   18   16   19   21   32   29   21   15   26252
1284085 12870 14   12   16   26   34   46   55   60   60   61   64   73   26252
1184085 12970 69   54   17   40   35   38   38   39   39   37   40   41   26252
1284085 12970 42   45   48   71   86  117  147  159  186  186  180  187   26252
1184085 13070149  124   64   55   52   46   49   51   57   69   58   57   26252
1284085 13070 51   47   46   77   99  130  150  172  162  143  126  128   26252
1184085 13170 98   80   60   56   57   58   60   66   62   59   61   62   26252
1284085 13170 63   65   66   90  104  122  144  180  149  146  138  122   26252
2184085 14070 68   39   23   17   17   17   19   21   21   23   24   24
2284085 14070 26   21   17   37   58   80  102  112  113  108   95   81
2184085 15070 31   30   31   31   31   31   31   30   31   31   31   31
2284085 15070 31   31   31   29   29   30   31   30   31   31   30   31
1184085 2 170115   95   64   61   60   61   63   63   64   63   62   64   26252
1284085 2 170 66   64   62   82  100  111  131  128  128  128  130  114   26252
1184085 2 270100   83   67   65   65   69   72   71   73   73   72   69   26252
1284085 2 270 68   63   62   88  100  107  127  146  139  131  138  118   26252
1184085 2 370 98   82   69   57   54   54   52   58   58   62   58   62   26252
1284085 2 370 62   61   61   84  103  115  141  149  145  152  147  131   26252
1184085 2 470103   79   65   60   55   56   58   57   59   59   59   59   26252
1284085 2 470 62   66   70   96  102  117  141  143  129  124  117  114   26252
1184085 2 570105   88   73   65   62   61   61   59   61   62   64   66   26252
1284085 2 570 64   61   60   96  114  166  187  188  161  148  135  132   26252
1184085 2 670123  106   87   77   62   60   58   59   62   66   66   74   26252
1284085 2 670 71   62   63   98  122  144  184  189  165  144  127  112   26252
1184085 2 770103   97   69   58   58   58   61   60   59   60   60   60   26252
1284085 2 770 59   59   62   89  105  118  140  155  165  147  134  138   26252
1184085 2 870104   89   67   63   62   61   62   63   63   64   64   66   26252
1284085 2 870 70   73   72   87  100  114  139  184  201  210  195  145   26252
1184085 2 970106   86   63   59   58   59   60   60   60   61   62   62   26252
1284085 2 970 62   63   63   89  116  146  149  181  176  149  133  128   26252
1184085 21070123  110   69   58   58   57   60   62   62   62   61   61   26252
1284085 21070 62   61   63   84  107  130  158  201  237  229  189  130   26252
1184085 21170110   94   71   60   55   56   58   58   58   59   59   60   26252
1284085 21170 61   60   62   93  118  120  159  158  155  154  155  139   26252
1184085 21270125  107   75   56   57   58   60   62   62   60   60   63   26252
1284085 21270 62   61   61  103  136  145  151  155  154  158  148  138   26252
1184085 21370113   90   62   57   57   57   57   59   58   58   58   60   26252
1284085 21370 63   64   63   63  100  119  143  165  201  191  166  142   26252
1184085 21470120  101   75   61   57   57   59   62   36   64   68   73   26252
1284085 21470 72   65   64   93  126  145  171  201  188  156  149  127   26252
1184085 21570115  100   77   64   60   61   60   59   60   62   63   64   26252
1284085 21570 65      C 66   97  114  135  146  148  150  145  131  122   26252
1184085 21670122   94   57   54   55   53   56   58   62   61   62   63   26252
1284085 21670 63   65   67   95  117  141  151  177  185  186  153  139   26252
1184085 21770115  101   88   62   60   63   64   68   61   62   63   63   26252
1284085 21770 62   59   65  100  120  151  189  209  231  180  147  120   26252
1184085 21870113      C    C    C 96      C    C 76   74   75   80   81   26252
1284085 21870 85   87   99  104  117      C145  147  148  143  131  120   26252
1184085 21970113   93   67   62   65   65   64   61   62   59   62   65   26252
1284085 21970 66   65   65   97  109  132  160      C184  185  173  183   26252
1184085 22070148  122  113   96   70   66   73   79   79   79   74   74   26252
1284085 22070 70   62   61   98  110  142  152  153  148  145  140  125   26252
1184085 22170108   85   63   57   56   58      C 63   60   64   63   63   26252
1284085 22170 62   61   68   90  115  145  182  220  215  207  194  163   26252
1184085 22270160  130   91   76   64   60   60   62   64   63   62   65   26252
1284085 22270 66   64   71   83   99  105  128  150  151  145  128  113   26252
1184085 22370103   87   63   59   58   60   61   63   68   70   74   74   26252
1284085 22370 72   64   68   87  104  116  130  155  163  164  155  135   26252
1184085 22470117   98   70   60   59   60   61   59   58   59   59   58   26252
1284085 22470 57   58   65   95  110  129  148  170  159  148  139  150   26252
1184085 22570128  105   67   58   54   55   56   58   58   59   60   59   26252
1284085 22570 57   55   66   96  109  139  150  186  182  145  122  116   26252
1184085 22670110   86   72   63   59   60   60   57   55   55   55   48   26252
1284085 22670 59   58   69   87  106  119  138  146  153  149  136  121   26252
1184085 22770105   83   66   57   57   58   58   58   59   59   61   61   26252
1284085 22770 60   59   72  101  121  144  156  180  170  134  124  125   26252
1184085 22870142  166  125  107   96   69   68   67   64   63   65   56   26252
1284085 22870 52   51   63   90  102  108  114  111  106  104      C100   26252
2184085 24070113   94   69   60   58   60   60   60   61   62   62   63
2284085 24070 62   62   64   93  109  130  148  158  162  148  139  127
2184085 25070 28   27   27   27   28   27   26   28   28   28   28   28
2284085 25070 28   27   28   28   28   27   28   27   28   28   27   28
1184085 3 170 55   44   33   21   16   22   27   27   26   20   18   17   26252
1284085 3 170 17   20   26   49   69   79   90   84   83   71   66   59   26252
1184085 3 270 56   41   26   16   12   13   16   14   13   11   14   13   26252
1284085 3 270 16   17   27   45   69   84  106  116  103   92   84   66   26252
1184085 3 370 59   51   36   21   18   19   20   21   22   22   25   27   26252
1284085 3 370 23   21   31   49   63   65   78   85   87   84   78   78   26252
1184085 3 470 60   50   35   30   18   18   19   18   17   16   18   19   26252
1284085 3 470 18   19      C 43   59   69   90  101   95   94   80   69   26252
1184085 3 570 84   78   57   32   30   29   32   30   28   31   32   31   26252
1284085 3 570 28   27   32   44   55   79   96  116  122  144   73   66   26252
1184085 3 670 63   70   46   32   28   31   25   22   21   22   25   26   26252
1284085 3 670 23   20   26   38   58   65   77   90   93   81   68   67   26252
1184085 3 770 73   60   36   24   20   22   28   21   21   17   26   30   26252
1284085 3 770 29   31   40   60   66   80  104  127  140  113   86   66   26252
1184085 3 870 54      C 35   27   27   29   31   29   25   22   23   22   26252
1284085 3 870 23   24   34   57   72   86  105  106  112   95      C 68   26252
1184085 3 970    C 55   32   23   23   26   29   29   25   23   27   29   26252
1284085 3 970 29   28   33   44   64   69   90  116  135  115  110   88   26252
1184085 31070 62   49   30   18   17   20   21   24   25   25   27   32   26252
1284085 31070 33   31   40   50   62   72   93  122  146  143  135  127   26252
1184085 31170102   82   53   25   24   29   27   30   32   32   34   33   26252
1284085 31170 32   31   42   56   74   83  114  117  117  110  103  100   26252
1184085 31270 87   71   49   34   33   36   40   37   36   36   40   41   26252
1284085 31270 40   42   57   75   95   96  104  126  125  119  111  129   26252
1184085 31370102   62   36   21   22   24   25   22   21   21   22   24   26252
1284085 31370 25   28   51   69   82   96  101  116  113  113  108   94   26252
1184085 31470 67   59   26   18   18   19   20   17   16   16   18   20   26252
1284085 31470 21   25   46   66   82   83  100  103  108  119  122  104   26252
1184085 31570 82   63   35   17   16   18   19   18   18   22   28   37   26252
1284085 31570 40   37   32   50   69   99  119  112  118  138  134  111   26252
1184085 31670103   55   34   22   21   25   30   27   23   23   29   39   26252
1284085 31670 40   39   48   60   81   94  112  118  104  104  101   87   26252
1184085 31770 83   72   52   25   23   29   31   32   28   25   27   27   26252
1284085 31770 25   26   54   83   95   97  100  105  107  104  104  102   26252
1184085 31870 97   75   39   23   22   23   25   25   23   24   21   22   26252
1284085 31870 21   21   44   86  116  103  106  103  100  110  114  107   26252
1184085 31970100   64   43   17   15   16   16   16   15   16   16   17   26252
1284085 31970 16   17   44   70   91  100  118  113  130  140  128  111   26252
1184085 32070100   75      C 35   21   23   26   24   23   23   24   25   26252
1284085 32070 28   32   52   76   94  102  105  103  108  103  102  102   26252
1184085 32170 97   70   52   29   24   33   27   23   20   21   22   22   26252
1284085 32170 25   26   46   70   96  106  137  138  135  128  112  106   26252
1184085 32270105   96   64   43   25   22   22   23   22   25   33   35   26252
1284085 32270 36   34   55   79   92  107  141  147  152  167  138  104   26252
1184085 32370101   84   63   53   54   43   35   36   36   38   40   43   26252
1284085 32370 44   47   58   62   66   90  104  110  122  124  105  101   26252
1184085 32470 89   72   57   36   32   27   25   25   27   35   38   36   26252
1284085 32470 33   30   46   60   67   86   99  101  103  104  105  102   26252
1184085 32570 93   66   49   38   23   28   36   39   35   35   39   40   26252
1284085 32570 41   44   59   64   93  114  134  142  141  144  128  103   26252
1184085 32670 94   67   61   51   29   24   22   24   25   30   35   35   26252
1284085 32670 36   35   56   62   83   99  122  144  177  201  192  153   26252
1184085 32770109   85   62   41   23   20   21   20   20   19   19   17   26252
1284085 32770 11   13   24   42   57   62   79   92   97   93   93  110   26252
1184085 32870145   60   54   36   25   25   26   25   24   25   25   21   26252
1284085 32870 19   21   53   70   92  100  107  114  106  105  107  104   26252
1184085 32970 88   63   49   24      C 16   16   17   18   17   17   18   26252
1284085 32970 18   24   49   62   82   97  104  114  106  105  104  107   26252
1184085 33070103   98   75   43   25   22   21   22   25   24   27   30   26252
1284085 33070 33   37   58   70  100  103  110  124  127  130  119  102   26252
1184085 33170 94   82   62   41   36   38   36   36   31   35   37   40   26252
1284085 33170 42   48   58   59   64  101  119  138  145  147  123  100   26252
2184085 34070 91   66   47   27   23   24   25   24   23   23   26   27
2284085 34070 28   28   46   60   74   94  104  114  113  113  106  102
2184085 35070 30   30   30   31   30   31   31   31   31   31   31   31
2284085 35070 31   31   30   31   31   31   31   31   31   31   30   31
1184085 4 170 79   65   62   58   39   27   31   32   34   41   34   35   26252
1284085 4 170 37   40   60   95  132  163  188  176  141  106  101   89   26252
1184085 4 270 73   62   56   42   27   23   20   18   17   23   17   17   26252
1284085 4 270 19   23   42   66  105  149  182  215  217  198  145   94   26252
1184085 4 370 64   61   59   58   47   47   47   38   32   28   33   32   26252
1284085 4 370 33   36   59   91  108  145  177  208  227  217  149   95   26252
1184085 4 470 70   61   56   42   23   19   18   18   18    2 M 18   17   26252
1284085 4 470 17   19   38   59   84  109  127  143  132  125  146  138   26252
1184085 4 570105  103   56   31   20   19   18   19   19   19   21   22   26252
1284085 4 570 25   42   56   62   91  101  109  136  133  107  103   99   26252
1184085 4 670 79   62   58   28   22   20   20   21   20   20   21   22   26252
1284085 4 670 23   25   41   58   62   73   94  106  120  131  133  110   26252
1184085 4 770 85   63   55   39   27   23   21   22   21   21   24   31   26252
1284085 4 770 34   41   50   61   71  102  108  129  147  143  111  101   26252
1184085 4 870 97   74   60   45   29   22   21   21   20   23   21   20   26252
1284085 4 870 20   22   37   50   61   69   86  102  107  122  120  132   26252
1184085 4 970115  100   60   41   17   16   17   20   30   20   20   24   26252
1284085 4 970 21   38   53   64   83  101  111  103   91   64   59   57   26252
1184085 41070 55   51   40   22   11   41   37   36   35   36   36   37   26252
1284085 41070 40   59   91   99  102  109  132  144  150  154  143  123   26252
1184085 41170103  103   97   84   62   58   56   55   53   51   47   48   26252
1284085 41170 50   60   91  104  104  125  137  147  161  169  149  146   26252
1184085 41270143  125  101   42   25   20   19   18   18   18   17   17   26252
1284085 41270 18   24   53   59   73   95  102  104  107  106  104   97   26252
1184085 41370 90   76   61   56   23   20   20   19   19   19   20   21   26252
1284085 41370 20   37   58   64   68   75   83   95  104  124  113  111   26252
1184085 41470104   97   65   62   59   37   37   28   27   32   31   21   26252
1284085 41470 19   22   41   57   62   65   63   63   66   77   79   67   26252
1184085 41570 64   60   57   45   41   31   23   24   25   23   23   26   26252
1284085 41570 26   38   59   68   73   70   71   79   86   94   89   76   26252
1184085 41670 62   59   52   43   33   23   23   22   21   20   21   21   26252
1284085 41670 20   33   53   63   72   84   86   87   97   95   81   63   26252
1184085 41770 62   60   55   53   45   43   39   34   36   37   36   37   26252
1284085 41770 37   44   58   66   72   93  101  102  103  104  102   95   26252
1184085 41870 83   65   61   56   45   34   28   26   27   33   37   38   26252
1284085 41870 37   46   59   67   81   94   99  100  102  103  102   98   26252
1184085 41970 84   65   59   59   59   59   59   59   59   59   59   59   26252
1284085 41970 59   57   59   59   77   67  104  128  125  106   96   88   26252
1184085 42070    C 63   66   66   56   26   17   17   16   15   14   10   26252
1284085 42070 10      C    C    C    C    C    C    C    C105 M103 M100 M 26252
1184085 42170 86 M103 M103 M 61 M 63   62   60   41   38   30   28   34   26252
1284085 42170 40   56   61   64   85   99  104  107  107  102   94   91   26252
1184085 42270 99   87   68   60   53   42   39   40   40   41   42   43   26252
1284085 42270 43   60   71   90  101  104  105  124  127  120  113  108   26252
1184085 42370103  100   99   89   63   56   47   46   46   46   46   47   26252
1284085 42370 49   62   87  101  109  131  139 M139 M139 M139 M139 M139 M 26252
1184085 42470139 M139 M140 M139 M139 M139 M139 M139 M139 M139 M139 M139 M 26252
1284085 42470139 M139 M140 M139 M139 M139 M128  165  159  144  133  107   26252
1184085 42570107   75   57   39   17   15   13   14   14   15   15   12   26252
1284085 42570 13   24   48   58   67   82   89   96  101  102  100  100   26252
1184085 42670 87   65   57   50   42   19   16   17   16   15   13   11   26252
1284085 42670 13   18   41   53   59   65   85   95  102  115  102   98   26252
1184085 42770 95   62   57   32   15   10   13   11    9   11    8    7   26252
1284085 42770  7   15   34   46   57   59   67  105  102  101  100   96   26252
1184085 42870 99  101  106 M102 M 92 M104 M104 M101 M 98 M 86 M 41   30   26252
1284085 42870 38   54   60   64   79   92  100  100  100  100   94   87   26252
1184085 42970 76   62   59   57   49   44   40   40   40   41   43   32   26252
1284085 42970 38   16   40   52   52   52   54   55   56   58   58   57   26252
1184085 43070 55   50   45   38   30   21   12   10   14   12   12   13   26252
1284085 43070 16   33   51   80   95   83   75   71   74   80   82   83   26252
2184085 44070 87   65   59   51   40   26   23   23   26   25   23   25
2284085 44070 25   38   56   64   79   94  102  105  107  106  102   97
2184085 45070 29   30   30   30   30   30   30   30   30   30   30   30
2284085 45070 30   29   29   29   29   29   29   29   29   30   30   30
1184085 5 170 77   64   52   33   23   21   20   20   18   19   20   19   26252
1284085 5 170 21   33   46   62   76   92   89  146  109  103  100   89   26252
1184085 5 270 89   78   79   48   46    9    9   10    7    7    5    5   26252
1284085 5 270  3    9   38   41   45   56   82   95  103  100   84   78   26252
1184085 5 370 72   70   61   48   37   29   24   21   24   21   23   24   26252
1284085 5 370 29   42   65   80   91  105  116  121  137  137  123  107   26252
1184085 5 470 99   96   84   79   61   44   38   28   23   23   22   23   26252
1284085 5 470 26   37   46   60   79  101  116  132  141  130  116  109   26252
1184085 5 570107   97   80   69   53   36   25   22   23   25   25   25   26252
1284085 5 570 29   39   61   75   78   89  110  125  131  139  140  132   26252
1184085 5 670 93   89   83   86   78   53   40   36   35   34   32   28   26252
1284085 5 670 27   42   72   86   89   87   98   90  108  113  109   95   26252
1184085 5 770 83   82   82   82   59   40   33   31   32   28   23   21   26252
1284085 5 770 21   38   60   69   78   93  100   92   82   83   93   84   26252
1184085 5 870 77   58   50   35   10   41   39   36   34   29   26   24   26252
1284085 5 870 29   40   50   66   73   75   86  108  122  125  119  104   26252
1184085 5 970100  102   96   83   60   41   37   38   39   41   41   40   26252
1284085 5 970 40   68   95  123  116  113  121  129  136  136  140  148   26252
1184085 51070123  112   95   80   62   39   35   33   29   27   31   28   26252
1284085 51070 34   57   86  102  117  125  125  126  132  146  143  141   26252
1184085 51170134  128  120  106   81   54   39   36   36   35   35   35   26252
1284085 51170 38   55   63   34   43   68   80   83   88   68   66   62   26252
1184085 51270 40   38   38   48   49   55   50   44   43   51   50   51   26252
1284085 51270 51   50   81  105  118  123  149  161  182  196  189  169   26252
1184085 51370152  124 M118  107   79   64   54   50   45   42   40   39   26252
1284085 51370 39   51   77   82   82  100  110  121      C154  159  162   26252
1184085 51470158  123  110  109   74   38   36   37   37   38   37   50   26252
1284085 51470 50   56   58   80   84  101  111  120  122  123  116  109   26252
1184085 51570103   99   87   82   59   41   37   36   38   36   33   32   26252
1284085 51570 36   55   74   87   88   90   89  102  108  116  120  121   26252
1184085 51670121  113  103   88   62   41   33   32   34   50   33   32   26252
1284085 51670 36   54   78   87  112  121  151  132  154  141  129  113   26252
1184085 51770113  117   99   89   62   21   20   36   35   36   36   34   26252
1284085 51770 37   48   65   77   76  109  127  146  146  147  147  148   26252
1184085 51870144  126  112   99   62   46   33   33   35   36   42   41   26252
1284085 51870 47   64   76   78   86  103  109  115  110  116  119  117   26252
1184085 51970112  117  110   95   55   42   37   34   33   33   30   26   26252
1284085 51970 29   42   60   75   87   96  149  107  112  111  112  106   26252
1184085 52070107   98   93   85   64   39   28   27   27   70   68   66   26252
1284085 52070 68   87  103  109   93   87   93   95  100  100   91   80   26252
1184085 52170 77   75   72   63   52   36   25   25   25   27   27   26   26252
1284085 52170 31   52   68   82   77  134  116  116  135  146  133  128   26252
1184085 52270129  121  119  125  100   72   49   39   38   40   37   36   26252
1284085 52270 39   56   81  104  116  122  123  123  125  131  130  123   26252
1184085 52370123 M123 M123 M123 M123 M123 M123 M123 M123 M123 M123 M123 M 26252
1284085 52370123 M123 M123 M123 M    C127  126  127  129  147  147  126   26252
1184085 52470119  107  102  106   84   77   89   87 M 87 M 87 M 87 M 87 M 26252
1284085 52470 87   90  108  121  109   91  121  131  117  137  137  153 M 26252
1184085 52570152 M132 M136 M153 M152 M152 M132 M132 M132 M132 M138 M138 M 26252
1284085 52570138 M137 M132 M148 M132 M121 M135 M231 M231 M228 M225 M229 M 26252
1184085 52670230 M229 M227 M229 M227 M220 M223 M219 M221 M228 M229 M229 M 26252
1284085 52670229 M225 M219 M225 M218 M231 M226 M223 M218 M223 M227 M221 M 26252
1184085 52770218 M218 M2182M230 M227 M220 M217 M211 M217 M217 M218 M218 M 26252
1284085 52770218 M228 M219 M227 M223 M218 M223 M223 M218 M218 M218 M223 M 26252
1184085 52870229 M227 M218 M219 M223 M217 M217 M217 M217 M217 M217 M218 M 26252
1284085 52870218 M229 M218 M230 M265 M264 M264 M264 M264 M265 M264 M264 M 26252
1184085 52970    C 52 M263 M263 M263 M264 M263 M264 M263 M263 M263 M263 M 26252
1284085 52970263 M263 M 81 M 83 M 85 M113 M130 M140 M139 M145 M145 M151 M 26252
1184085 53070151 M155 M157 M162 M149 M162 M155 M155 M153 M362 M360 M359 M 26252
1284085 53070366 M361 M374 M364 M367 M367 M367 M367 M367 M367 M364 M361 M 26252
1184085 53170363 M363 M362 M361 M357 M356 M360 M361 M361 M361 M362 M362 M 26252
1284085 53170359 M346 M362 M349 M355 M317 M336 M358 M103 M105 M103 M101 M 26252
2184085 54070116  113  102   89   62   44   38   36   36   38   37   36
2284085 54070 39   55   77   87   90  105  121  126  131  137  133  126
2184085 55070 30   31   31   31   31   31   31   31   31   31   31   31
2284085 55070 31   31   31   31   30   31   31   31   30   31   31   31
1184085 6 170100 M104 M107  104   86   57   38   34   31   29   24   21   26252
1284085 6 170 26   38   61   80   83  101  102  101  107  115  114  105   26252
1184085 6 270 97   82   78   74   58   37   37   32   32   29   32   33   26252
1284085 6 270 35   57   79  100  105  116  125  123  116  119  112  105   26252
1184085 6 370103  104  102   92   73   54   37   33   33   32   35   38   26252
1284085 6 370 38   59   73  101   72   90  119  125  145  104   93   63   26252
1184085 6 470 56   35   36   35   29   36   36   34   35   36   36   34   26252
1284085 6 470 37   69   71   88   97  115  122  118  119  116  105  101   26252
1184085 6 570 96   98  102   98   67   43   34   30   28   30   30   27   26252
1284085 6 570 36   56   70   88  109  122  123  127  123  127  127  125   26252
1184085 6 670115  106  110  107   85   63   56   55   48   46   40   40   26252
1284085 6 670 41   65   87      C168  190  207  169  143  125  130  151   26252
1184085 6 770149  127  115  111  103  100 M101 M101 M101 M101 M101 M101 M 26252
1284085 6 770101 M101 M100 M 80  103  115  125  126  126  128  142  126   26252
1184085 6 870123  117  113  103   75   61   61   52   55   44   39   34   26252
1284085 6 870 37   59   80   87  101  115  122  127  122  125  125  121   26252
1184085 6 970113  108  103   87   80   57   40   38   37   36   36   36   26252
1284085 6 970 38   59   80  105  120  125  131  130  150  185  209  236   26252
1184085 61070230  207  232  213  162  104   80   68   64   45   33   24   26252
1284085 61070 31   46   67   78   81   89  102  109  118  114  104   91   26252
1184085 61170 82   86   81   71   61   40   36   35   34   31   26   22   26252
1284085 61170 35   59   84  107  119  124  146  163  168  173  162  124   26252
1184085 61270144 M144 M144 M144 M144 M144 M144 M144 M144 M123 M123 M121 M 26252
1284085 61270124 M147 M 80  103  117  129  159  160  160  160  149  136   26252
1184085 61370125  118  121  123  112   76   48   36   34   35   36   35   26252
1284085 61370 38   66   90  117  126  151  166  177  189  189  172  161   26252
1184085 61470154  143  143  144  144 M143 M116 M144 M 22      C144 M144 M 26252
1284085 61470144 M143 M 85  123  155  168  151  146  151  143  131  133   26252
1184085 61570131  130  132  133  108   75   60   42   37   37   37   38   26252
1284085 61570 40   62   81  105  118  101  101  101  101  101  101  101   26252
1184085 61670101  102  102  123  100   66   49   52   50   51   44      C 26252
1284085 61670 47   67   83  103  116  124  130  166  165  156  150  146   26252
1184085 61770147  145  144  144  125  101   81   82   81   82   83   83   26252
1284085 61770 93  100  101  125  132  127  144  151  155  146  131  126   26252
1184085 61870123  127  145  146  110   74   44   34   35   37   37   38   26252
1284085 61870 41   58   59   74   78   83   81   76   73  112  117  119   26252
1184085 61970115  112  100   79   68   48   39   39   40   41   38   37   26252
1284085 61970 48   67   85  108  122  113  113  117  127  127  133  136   26252
1184085 62070121  122  109  103   79   54   41   40   40   40   39   38   26252
1284085 62070 44   64   71  101  117  162  165  163  127  121  114      C 26252
1184085 62170    C122  118  114   82   58   59   58   53   48   58   58   26252
1284085 62170 58   58   40   69   72   80   81   66   57   50   48   60   26252
1184085 62270 61      C 44   36   28   17   38   35   38   39   41   40   26252
1284085 62270 39   61   76   81  100  103  100  100  101   99   97   97   26252
1184085 62370100   85   97   92   84   68   59   42   36   37   35   29   26252
1284085 62370 34   59   79  100  114  111  100   84   44   51   55   61   26252
1184085 62470 60   60   61   34   18   38   25   24   24   23   28   30   26252
1284085 62470 36   60   79   93  115  111  123  133  129  118  118  117   26252
1184085 62570120  115  121  113   75   40   27   27   26   29   29   31   26252
1284085 62570 35   51   69   82   91   86   88   98  103 M114 M106 M103 M 26252
1184085 62670103 M103 M103 M103 M103 M103 M104 M104 M104 M104 M104 M103 M 26252
1284085 62670104 M103 M103 M 61   72   78  100  103   81   81  125  126   26252
1184085 62770100   98   81   61   52   31   30   28   21   18   18   18   26252
1284085 62770 19   37   59   63   63   65   78   98  104  106  102  102   26252
1184085 62870 97   80  100   99   83   48   33      C 20   18   17   16   26252
1284085 62870 17   34   58   65   65   64   62   67   70   68   76   84   26252
1184085 62970 84   87   94   98   59   16   13   15   16   15   15   15   26252
1284085 62970 17   31   51   60   65   63   64   73   78  102   82   70   26252
1184085 63070 68   64   63   60   50   20   14   15   15   15   16   15   26252
1284085 63070 17   33   50   60   60   60   61   71   59   59   53   57   26252
2184085 64070115  112  105  103   81   57   40   38   35   37   36   35
2284085 64070 38   59   79   88  104  112  120  120  122  118  117  119
2184085 65070 29   29   30   30   30   30   30   29   30   29   30   29
2284085 65070 30   30   30   29   30   30   30   30   30   30   30   29
1184085 7 170 45   77   77   85   54   32   22   24   21   20   20   18   26252
1284085 7 170 18   23   42   58   61   65   73   72   69   74   82   75   26252
1184085 7 270 64   62   61   60   51   20   16   15   14   17   17   17   26252
1284085 7 270 18   32   34   19   35   40   37   32   46   55   57   50   26252
1184085 7 370 36   23   20   18   13   37   22   24   18   18   18   17   26252
1284085 7 370 19   38   61   65   68   76   78   77      C 64   60   61   26252
1184085 7 470 64   68   75   68   46   21   15    5    2   38   39   37   26252
1284085 7 470 37   51   64   77  102  124  144  157  157  150  147  146   26252
1184085 7 570146  111  102   78   52   36   35   35   36   33   31   30   26252
1284085 7 570 33   44   65   83   83   99  101  105   98  100  103  105   26252
1184085 7 670 98   97  100   83   71   50   37   32   30   30   27   23   26252
1284085 7 670 29   41   61   75   83  100   96  100  114  122  125  131   26252
1184085 7 770119  124  123   99   80   72   41   31   29   27   27   25   26252
1284085 7 770 30   41   67   79   85   85   99   96  100  101  100   99   26252
1184085 7 870100  102  102  102   64   32   22   20   20   20   24   31   26252
1284085 7 870 37   57   81  106  124  130  139  144  148  166  151  141   26252
1184085 7 970145  140  120  103   71   56   55   50   43   39   38   31   26252
1284085 7 970 38   59   82  102  105  108  106  104  102  102  102  102   26252
1184085 71070102  102  102  102   72   42   38   37      C 37   37   39   26252
1284085 71070 40   54   74   85  104  102  108  123  210 M211 M225 M241 M 26252
1184085 71170237 M239 M238 M238 M238 M238 M238 M239 M239 M238 M239 M239 M 26252
1284085 71170239 M241 M240 M100  115  115  123  113  128  130  130  142   26252
1184085 71270143  137  134  132  133   91   82   81   77   58   56   49   26252
1284085 71270 52   75   98   98  100      C    C126  129  124  103  110   26252
1184085 71370 91   94   93   83   60   48   44   36   20   18   18   18   26252
1284085 71370 39   60  100  130  128  126  130  144  158  168  148  145   26252
1184085 71470140  134  127  103   85   61   58   57   52   44   42   41   26252
1284085 71470 43   57   69   87   99  100   99  100  100   98   95   93   26252
1184085 71570 91   88   83   75   57   40   40   39   44   44   41   39   26252
1284085 71570 41   60   86  101  101  101  101  102  104  105  105  101   26252
1184085 71670101  103  104  103   95   63   58   49   39   40   39   36   26252
1284085 71670 40   64  101  140  163  166  150  168  176  152  140  125   26252
1184085 71770126  122  123  125   92   61   54   44   45   43   43   41   26252
1284085 71770 43   60   98  125  144  146  143  123  106  104  100  102   26252
1184085 71870106  113  117   98   59   45   45   47   46   46   45   45   26252
1284085 71870 44   59   83  102  121  122  124  127  136  146  146  147   26252
1184085 71970141  146  144  135   76   59   58   54   53   51   49   47   26252
1284085 71970 48   60   77   95  105  124  122  106  116  105  101  100   26252
1184085 72070100  100  101   91   61   44   41   41   45   47   44   44   26252
1284085 72070 44   60   86  101  104  109  123  122  105  104  101  102   26252
1184085 72170105  102   98  100  100   99 M 99 M100 M100 M 97 M 89 M 49   26252
1284085 72170 47   61   91  103  105  118  116  126  147  145   99   93   26252
1184085 72270 94   97   99   97   62   46   41   41   43   44   45   45   26252
1284085 72270 47   60   86  103  100  100   97  100  100   79   68   66   26252
1184085 72370 66   66   79   68   40   23   25   28   29   40   40   40   26252
1284085 72370 41   66   82  111  123  123  124  123  124  115  120  110   26252
1184085 72470108  113  108   65   71   65   24   39   39   23   30   32   26252
1284085 72470 40   67   70  110  107  101  101  104   81  110  123  123   26252
1184085 72570129  138  133  125  104   74   60   58   57   57   56   53   26252
1284085 72570 55   60   78  100  104  120  124  125  135      C127  119   26252
1184085 72670105  106  104  101   79   60   59   59   59   59   58   56   26252
1284085 72670 57   66   92  108  124  139  142  111  107  107  122  133   26252
1184085 72770127  120  107  103  110   79   59   59   61   61   60   58   26252
1284085 72770 57   63      C    C    C    C    C    C    C    C    C    C 26252
1184085 72870    C 90  102  100   65   60   59   59   59   59   59   55   26252
1284085 72870 54   60   88  104  127  141  138  145  159  168  149  129   26252
1184085 72970130  102  101  102   74   57   57   61   57   54   45   43   26252
1284085 72970 50   61   98  102  124  132  141  146  144  142  131  140   26252
1184085 73070142  143  139  128  100   63   62   62   61   61   60   60   26252
1284085 73070 61   80  102  147  153  149  147  144  142  145  145  147   26252
1184085 73170145  146  123  113   79   60   59   58   58   58   55   55   26252
1284085 73170 56   62   95  105  102  138  152  146  144  142  131  127   26252
2184085 74070105  103  102  100   71   57   45   44   44   44   42   41
2284085 74070 43   60   82  101  104  118  123  122  124  115  121  114
2184085 75070 30   31   31   31   31   31   31   31   30   31   31   31
2284085 75070 31   31   30   30   30   29   29   30   29   29   30   30
1184085 8 170140  121  124  113   78   59   61   62   61   59   57   57   26252
1284085 8 170 56   62      C102  120  145  142  133  145  145  105  115   26252
1184085 8 270126  106  104  100   65   60   59   47   59   60   59   55   26252
1284085 8 270 52   61   92  102   84  100  102  106  135  103   98   91   26252
1184085 8 370 78   60 M 60 M 60 M 60 M 60 M 60 M 60 M 60 M 60 M 60 M 60 M 26252
1284085 8 370 60 M 60 M 61 M 63 M 64 M 63 M 63 M 60 M 60 M 60 M 60 M 60 M 26252
1184085 8 470 60 M 60 M 60 M 61 M 59 M 60 M 60 M 60 M 60 M 60 M 60 M 60 M 26252
1284085 8 470 60 M 60 M 60 M 61 M 63 M 61 M 61 M 60 M 60 M 60 M 60 M 60 M 26252
1184085 8 570 60 M 60 M 61 M 60 M 60 M 60 M 60 M 60 M 60 M 60 M 60 M 60 M 26252
1284085 8 570 60 M 60 M 61 M 59 M 76   91   98  102  101   86   85   83   26252
1184085 8 670 86   85   67   58   45   18   16   15   17   17   16   16   26252
1284085 8 670 16   34   61   97  107  101   94   95  102  106  101  100   26252
1184085 8 770 98   86      C 79   60   33   16   16   16   16   16   16   26252
1284085 8 770 15   24   56   63   88   95   89   83   88   87   85   82   26252
1184085 8 870 83   83   80   78   56   20   16   16   16   17   18   20   26252
1284085 8 870 19   49   59   78   93   90   88   83   81   81   86   86   26252
1184085 8 970 80   76   61   60   51   35   31   20   18   17   16   16   26252
1284085 8 970 16   23   57   77   94   83   86   91   96   91   91  110   26252
1184085 81070105  102  102  100   74   60 M 59 M 59 M 58 M 59 M 59 M 58 M 26252
1284085 81070 57 M 59 M 82  101  105  102  111  121  125  123  115  119   26252
1184085 81170120  106  105  101   82   62 M 58 M 55 M 56 M 56 M 57 M 57 M 26252
1284085 81170 54 M 62 M100  124  137  121  121  116  112  113  113  101   26252
1184085 81270 99   96   95   85   64   49   58   52   55   59   55   56   26252
1284085 81270 51   60   85  105  135  138  126  123  130  148  170  187   26252
1184085 81370180  175  163  163  148  100   82   58   58   51   48   44   26252
1284085 81370 47   58   84  100  104  105  114  119  122  128  124  114   26252
1184085 81470104  102  100  106  101   95   90   54   49      C 58   58   26252
1284085 81470 51   59   73  101  103  106  124      C149  101  102  102   26252
1184085 81570101   98   92   80   61   59   58   58   58   57   56   54   26252
1284085 81570 49   59   78  102  136  143  142  120  121  135  104  115   26252
1184085 81670105  105  102  102   78   56   65   46   49   48   48   47   26252
1284085 81670 47   59   87  101  104  104  108  122  124  134  134  130   26252
1184085 81770101  101  102   98   81   60   57   53   57   56   57   56   26252
1284085 81770 53   60   65   82   96  100  102  125  129  120  107  106   26252
1184085 81870104  103   88   84   80   61   59   58   59   59   59   59   26252
1284085 81870 58   61   83  101  117  122  128  144  147  149  128  132   26252
1184085 81970127  104  103   99   66   60   59   57   58   58   57   57   26252
1284085 81970 54   59   73  103  117  102  101  100  100  106  103  102   26252
1184085 82070103  107  102   99   87   61   58   58   59   59      C    C 26252
1284085 82070 58   59   88  101  119  139  143  125  116  128  124  126   26252
1184085 82170123  121  117   96   86   74   68   64   67   59   59   59   26252
1284085 82170 59   59   87   85   96   98   97  101  103  104  101   99   26252
1184085 82270 97   98   95  100   86   81   71   65   59   60   60   61   26252
1284085 82270 70   49   98  103  103  103  103  103  103      C    C101   26252
1184085 82370 99   97  100   92   79   59   58   58   57   56   58   57   26252
1284085 82370 57   58   83  102  104  106  106  130  140  144  147  133   26252
1184085 82470108  103  102   82   63   58   58   58   57   58   58   58   26252
1284085 82470 56   59   71   99  102  102  103  109  127  127  122  109   26252
1184085 82570104  102   99   97   82   62   59   58   58   58   59   57   26252
1284085 82570 56   57   60   81  102  112  124  125  104  101   97  101   26252
1184085 82670102  102  102   96   62   59   56   53   55   54   56   56   26252
1284085 82670 55   48   75  100  103  121  128  130  130  136  121  122   26252
1184085 82770107  113  103   97   76   62   57   51   54   54   57   57   26252
1284085 82770 56   59   77   87   90   94   99  102  105  105  104  101   26252
1184085 82870101   95   84   70   61   59   58   57   56   56   58   57   26252
1284085 82870 56   59   69   88   99  103  110  128  143  145  147  142   26252
1184085 82970120  104  102   99   63   59   58   59   59   58   59   58   26252
1284085 82970 57   59   83  103  130  129  134  143  142  142  135  129   26252
1184085 83070132  111      C 84   72   59   60   57   58   54   57   55   26252
1284085 83070 52   60   85  103  108  103  103  105  123  148  169  172   26252
1184085 83170165  106  102  105   64   63   64   64   64   64   65   65   26252
1284085 83170 64   65   63   79   88   99  107  107  106  106  106  107   26252
2184085 84070104  103  102   98   76   60   59   58   58   58   58   57
2284085 84070 56   59   82  101  104  103  108  119  123  125  110  110
2184085 85070 31   31   29   31   31   31   31   31   31   30   30   30
2284085 85070 31   31   30   31   31   31   31   30   31   30   30   31
1184085 9 170103   88   79   64   60   58   49   44   45   38 M 42   41   26251
1284085 9 170 43   58   84  116  136  149  124  144  150  152  151  139   26251
1184085 9 270124  103   99   79   65   61   59   58   58   53   56   54   26251
1284085 9 270 53   59   85  102  103  103  122  131  146  147  136  128   26251
1184085 9 370105   97   89   82   63   60   58   57   56   54   56   56   26251
1284085 9 370 56   61   88  102  103  104  118  125  127  130  127  114 M 26251
1184085 9 470114 M114 M    C114 M114 M114 M114 M114 M113 M113 M113 M113 M 26251
1284085 9 470113 M113 M113 M113 M113 M113 M113 M113 M113 M113 M134  127   26251
1184085 9 570118  110  102   90   78   59   56   57   58   56   59   60   26251
1284085 9 570 59   62   97  106  122  106  110  121  125  135  129  131   26251
1184085 9 670 90  127  100   78   60   60   60   60   60   58   59   59   26251
1284085 9 670 59   73  102  132  144  143  141  146  168  186  181  179   26251
1184085 9 770168  146  123   88   66   63   62   61      C 62   63   65   26251
1284085 9 770 60   61   88  103  123  126  110  123  136  137  130  119   26251
1184085 9 870103  102   95   89   67   60   58   55   55   56      C 56   26251
1284085 9 870 56   59   92  109  129  127  144  150  164  159  146  129   26251
1184085 9 970123  113  110 M110 M110 M110 M110 M110 M110 M110 M110 M110 M 26251
1284085 9 970110 M110 M101  124  147  150  180  217  215  186  145  132   26251
1184085 91070124  104   85   66   63   60   57   51   52   52   55   56   26251
1284085 91070 56   60   87  101  111  124  127  143  150  163  145  125   26251
1184085 91170108   99   78   62   57   57   56   54   54   55   56   56   26251
1284085 91170 57   59   99  124  106  116  122  134  146  166  168  146   26251
1184085 91270136  102   85   60   55   54   53   50   55   46   43   44   26251
1284085 91270 46   59   98  107  103  118  134  139  142  141  127  115   26251
1184085 91370104  102   94   62   59   59   58   57   56   54   53   52   26251
1284085 91370 49   57   87  102  121  121  125  124  125  126  124  116   26251
1184085 91470108  103  100   80   61   59   59   59   58   58   59   59   26251
1284085 91470 58   59   61   90  100  114  124  120  109  105  113  123   26251
1184085 91570118  101   85   69   63   64   63   63   63   60   59   58   26251
1284085 91570 56   58   66   90   98  102  109  112  125  145  146  124   26251
1184085 91670103   90   79   67   61   60   58   58   57   54   47   44   26251
1284085 91670 44   56   67   95  100  100  104  107  119  104  101  105   26251
1184085 91770102  102   82   63   62   60   59   60   56   53   54   59   26251
1284085 91770 57   57   79   92   94   98  102  107  113  123  115  104   26251
1184085 91870 99   86   61   57   46   46   47   44   45   43   46   43   26251
1284085 91870 45   54   67   94  102  102  106  122  123  123  127  109   26251
1184085 91970101   91   63   58   57   57   55   54   52   50   36   52   26251
1284085 91970 54      C    C 95   98  100  113  127  124  118  102   99   26251
1184085 92070 84   82   73   66   61   61   61   59   57   55   57   59   26251
1284085 92070 59   60   68   81   83   92  101  102  105  120  122      C 26251
1184085 92170102   84   62   55   52   51   46   44   46   47   54   53   26251
1284085 92170 42   52   79  101  110  123  127  123  140  129  120  102   26251
1184085 92270 98   93   79   60   56   59   57   55   55   57   58   56   26251
1284085 92270 54   57   82  103  117  141  145  142  123 M123 M123 M123 M 26251
1184085 92370123 M123 M123 M123 M123 M123 M123 M123 M123 M123 M123 M123 M 26251
1284085 92370123 M123 M123 M 97   98   98  120  142  145  129  119  102   26251
1184085 92470100   86   62   57   57   47   59   57   57   51   56   53   26251
1284085 92470 56   58   82  102  111  119  113  152  168  187  151  123   26251
1184085 92570107  102   88   58   55   53   52   51   54   54   57   58   26251
1284085 92570 58   58   63  100  100  123  128  142  128  122  117  121   26251
1184085 92670109  100   80   59   58   58   56   54   57   59   59   59   26251
1284085 92670 59   60   80   85   93  103  121  133  132  124  104  101   26251
1184085 92770101   85   61   59   58   46   58   58   58   59   59   60   26251
1284085 92770 53   56   62   84   95  101  107  131  139  123  115  103   26251
1184085 92870    C 75   60   57   55   55   55   56   57   57   57   57   26251
1284085 92870 57   58   76   98  101  102  103 M104 M103 M103 M103 M103 M 26251
1184085 92970103 M103 M103 M102 M101 M102 M101 M101 M    C    C    C 58   26251
1284085 92970 58   59   68  101   96   96   99  100  102  102  102  101   26251
1184085 93070101   83      C 54   52   55   55   56   56   55   55   55   26251
1284085 93070 44   58 M 58 M 58 M 59 M 43   59 M 62 M 71 M 77   73   64   26251
2184085 94070105  101   85   65   60   59   58   57   56   55   56   56
2284085 94070 56   59   84  101  103  110  122  132  139  132  127  123
2184085 95070 29   30   28   30   30   30   30   30   28   29   28   30
2284085 95070 30   29   29   30   30   30   30   30   30   30   30   29
118408510 170 62   59   27   14   11   12   11   11   13   12   14   14   26251
128408510 170 13   14   38   59   58   60   71   80   76   81   71   62   26251
118408510 270 60   56   25   16   16   16   16   16   17   17   18   18   26251
128408510 270 17   17   29   45   51   59   62   71   84   60   59   75   26251
118408510 370 64   61   38   16   16   17   17   17   20   29   34   34   26251
128408510 370 37   37   54   52   79   93  103  101  100   86   83  102 M 26251
118408510 470102 M101 M101 M101 M101 M101 M101 M 98 M101 M101 M101 M101 M 26251
128408510 470101 M101 M102 M100 M123 M 77  101  143  143  124   97   79   26251
118408510 570 84   63   41   21   20   34   17   19   36   26   18   17   26251
128408510 570 15   14   17   49   60   63   93  102  100  102   90   56   26251
118408510 670 61   58   18   12   10   14   14   15   16   16   15   15   26251
128408510 670 14   13   21   51   62   85  102  117   90   62   59   60   26251
118408510 770 59   43   18   14   10    5    5    9   13   12   14   12   26251
128408510 770  2   47   59   69   83  101  121  137  124  101   99   94   26251
118408510 870 94   85   69   58   44   45   43   49   50   54   55   57   26251
128408510 870 55   50   60   71   85   88  100  101  107  107  103  103   26251
118408510 970 99   80   58   45   42   46   47   46   46   48   47   47   26251
128408510 970 48   50   64   88   86   90  100  102  106  109  116  102   26251
1184085101070 95   73   46   39   40   44   47   46   46   47   49   49   26251
1284085101070 47   48   64   92  102   98  100  101  105  114  119  105   26251
1184085101170105   96   61 M 59 M 59 M 59 M 59 M 59 M 59 M 59 M 59 M 59 M 26251
1284085101170 59 M 59 M 59 M 59 M 59 M 59 M 59 M 60 M 54 M 42 M 12 M  9 M 26251
1184085101270  4 M 33 M 21 M 11 M 40   37   38   38   39   38   41   34   26251
1284085101270 43   62   78  100  103  106  109  115   98  100   92   86   26251
1184085101370 82   64   56      C 40   44   47   47   47   46   44   43   26251
1284085101370 42   41   57   77   86   98  101  102  102  101   96   89   26251
1184085101470 83   63   54   43   39   39   41   42   44   43   44   42   26251
1284085101470 41   40   58   81   90   95  103  102  104  105  102   95   26251
1184085101570 83   57   40   37   36   38   39   38   40   40   41   39   26251
1284085101570 35   39   57   85  106  109  123  131  115  105  102   97   26251
1184085101670 94   78   58   42   40   40   40   39   40   41   42   44   26251
1284085101670 40      C 60   84   90   96  106  104  109  103  100   96   26251
1184085101770 91   68   53   46   42   42   49   49   49      C    C 44   26251
1284085101770 43   42   53   63   72   84   94  116  136  143  108  100   26251
1184085101870 81   60   46   39   42   41   46   43   40   41   41   47   26251
1284085101870    C 37   56   63   75   87   97  104  108  104   98   93   26251
1184085101970 81   70   59   46   41   48   41   41   48   50   51   51   26251
1284085101970 49   46   59   78   87   97  104  106  106  124  117  104   26251
1184085102070 87   61   49   42   41   43   47   46   53   56   55   53   26251
1284085102070 52   51   63   88   98   94  102  115  115  108  117   99   26251
1184085102170 84   70   46   40   40   42   44   46   46   47   48   49   26251
1284085102170 45   44   63   89  109  130  163  181  159  140  132  125   26251
1184085102270102   89   66   62   54   51   54   52   56   57   59   58   26251
1284085102270 57   51   65  101      C135  140  160  143  145  139  127   26251
1184085102370102   75   56   42   39   40   48   45   48   54   53   46   26251
1284085102370 50   42   64   95  129  136  131  127  124  111  128  125   26251
1184085102470108   68   52   44   43   44   44   46   46   46   52   45   26251
1284085102470 50   46   71  101  106  123  131  136  147  146  143  124   26251
1184085102570 96   79   56   55   53   55   56   56   48   47   46   47   26251
1284085102570 48   47   61   94  115  127  127  135  150  157  142  122   26251
1184085102670 96   62   53   40   41   43   46   48   47   45   45   47   26251
1284085102670 48   48   62   87  101  102  116  129  136  132  126  121   26251
1184085102770 96   84   43   40   40   43   46   49   47   50   50   51   26251
1284085102770 52   51   70   96  107  111  126  133  143  140  131  106   26251
1184085102870110   66   45   38   38   40   41   41   41   43   43   40   26251
1284085102870 41   40   63   98      C    C    C133  134  127  118  107   26251
1184085102970 90   60   47   41   38   40   41   43   44   39      C    C 26251
1284085102970 47   53   63   84  101  106  101  119  125  126  108   91   26251
1184085103070 83   64   52   52   56   56   62   62   60   60   59   61   26251
1284085103070 63   61   64   89  100  120  127  131  132  124  128  118   26251
1184085103170 97   63   56   58   57   60   61   61   62   64   67   66   26251
1284085103170 71   73   87  123  133  138  144  151  144  139  136  107   26251
2184085104070 91   66   52   42   40   42   44   46   46   46   46   46
2284085104070 47   46   62   87   98   98  103  117  115  111  108  102
2184085105070 31   31   31   30   31   31   31   31   31   30   29   30
2284085105070 30   30   31   31   29   30   30   31   31   31   31   31
118408511 170 92   64   65   62   58   60   79   78   60   62   64   60   26252
128408511 170 58   59   71   81  103  105  123  112  123  129  127  113   26252
118408511 270 99   62   58   56   57   57   62   70   74   78   83   82   26252
128408511 270 62   69   77   99  125  177  188  131  115  115  126  102   26252
118408511 370114  101   75   63   62   60   60   64   62   61   58   54   26252
128408511 370 52   47   59   73   87   98  120  148  146  119  116   93   26252
118408511 470 71   58   40   38   37   37   38   40   41   41   41   43   26252
128408511 470 44   42   56   80  100  132  145  145  135  121  108  100   26252
118408511 570 81   47   37   37   38   39   41   43   43   44   45   45   26252
128408511 570 45   44   53   79   91  102  118  126  115  114  102   97   26252
118408511 670 82   67   56   49   52   55   57   60   53   55   54   50   26252
128408511 670 50   41   49   74  100  102  103  107  119  113  102   86   26252
118408511 770 65   47   39   38   39   41   43   41   37   37   41   39   26252
128408511 770 41   40   51   69   81   90   98  101  103   97   95   94   26252
118408511 870 80   53   40   39   38   44   51   55   57   49   49   48   26252
128408511 870 43   45   55   77   87   88  112  111  120  108  100   91   26252
118408511 970 79   49   38   38   40   40   49   53   53      C 47   51 M 26252
128408511 970 53 M 52 M 59 M 61 M 61 M 61 M 61 M 61 M 92   77   56   56   26252
1184085111070 87   62   57   55   50   52   53   53   53   54   54   57   26252
1284085111070 57   57   63   90  101  103  104  123  119  114  104  103   26252
1184085111170 76   50   45   47   48   42   54   56   59   62   59   60   26252
1284085111170 60   59   71   94  105  133  128  129  140  124  105   98   26252
1184085111270 71   46   43   47   50   54   58   62   58   58   58   59   26252
1284085111270 59   56   62   97  108  105  126  140  145  139      C    C 26252
1184085111370 88   56   55   56   53   56   62   67   74   76   79   69   26252
1284085111370 61   53   61  100  124  136  145  144  144  144  188  187   26252
1184085111470159   48    6    8   11   13   57   60   61   61   57   54   26252
1284085111470 91 M 49   57   88  102  135  130  143  174  164  142  117   26252
1184085111570 95   70   47   43   45   49   53   54   52   51   53   52   26252
1284085111570 52   49   59   86  125  138  139  146  174  174  141  124   26252
1184085111670 93   58   52   46   40   30   43   48   47   53   52   54   26252
1284085111670 49   46   54   99  114  123  124  123  133  126  119   99   26252
1184085111770 81   54   55   45   44   43   39   40   43   45   46   48   26252
1284085111770 47   43   54   94  124  140  144  167  173  153  140   96   26252
1184085111870 79   62   53   47   39   40   41   40   42   40   42   44   26252
1284085111870 46   43   55   86  115  136  139  143  145  143  127  103   26252
1184085111970 84   56   43   41   42   40   44   44   45   47   47   48   26252
1284085111970 50   47   58  107  107  108  128  140  124  112  115  101   26252
1184085112070 70   42   42   42   42   42   44   45   47   46   42   42   26252
1284085112070 41   41   51   81   99  101  104  116  124  108  124  103   26252
1184085112170 75   48   45   45   41   41   44   43   46   48   50   52   26252
1284085112170 50   44   51   82   97  106  108  109  121  136  105   99   26252
1184085112270 64   59   49   36   45   41   41   40   40   42   43   43   26252
1284085112270 41   39   49   81  101  102  102  115  126  128  113   94   26252
1184085112370 61   45   37   35   37   37   41   37   36   36   36   36   26252
1284085112370 35   29   39   65   92  107  108  108  102   99  101   91   26252
1184085112470 62   38   28   36   34   36   36   36   36   36   35   36   26252
1284085112470 36   36   42   67   81   91   93  100  100  107  100   83   26252
1184085112570 54   44   41   36   36   39   40   41   41   39   46   41   26252
1284085112570 44   40   42   61   70   97  102  108  109  106   97   84   26252
1184085112670 56   38   37   35   36   38   41   42   35   35   47   51   26252
1284085112670 45   37   42   77  101  121  119  124  101  104  104      C 26252
1184085112770 62   44   39   35   34   37   38   39   39   39   41   43   26252
1284085112770 41   39   44   59   83  100  122  125  121  102   95   84   26252
1184085112870 81   59   48   43   44   44   48   48   50   51   52      C 26252
1284085112870 48   45   46   61   78   79   90  101  100  101   95   88   26252
1184085112970 67   43   40   42   40   41   43   45   51   50   51   54   26252
1284085112970 55   44   49   85  114  145  203  285  358  341  256  231   26252
1184085113070171  168   83      C 57   68   88   90   71   58   52   52   26252
1284085113070 41   32   38   80  127  125  145  144  120  109  110   99   26252
2184085114070 79   53   44   42   41   41   44   46   48   49   49   51
2284085114070 48   44   54   81  101  106  122  125  122  114  108   98
2184085115070 30   30   30   29   30   30   30   30   30   29   30   29
2284085115070 30   30   30   30   30   30   30   30   30   30   29   28
118408512 170 83   52   40   38   37   37   40   42   40   39   40   41   26252
128408512 170 40   38   42   75   85  100  124  128  108  110  103   94   26252
118408512 270 62   46   42   39   40   38   41   42   42   47   50   49   26252
128408512 270 44   37   40   67   83   94  121  118  105  101   97   81   26252
118408512 370 63   41   36   36   36   37   38   38   36   37   38   39   26252
128408512 370 36   35   40   63   84   93  100  100   98   98   97   83   26252
118408512 470 62   44   38   37   38   40   39   38   39   38   38   39   26252
128408512 470 38   33   39   68   82   88  107  135  137  141  107   81   26252
118408512 570 59   48   40   40   37      C 40   40   39   36   39   41   26252
128408512 570 39   35   39   61   79   86   99  102  102   99   99   87   26252
118408512 670 58   48   46   36   40   40   45   47   49   51   53   52   26252
128408512 670 52   46   49   74   84   88   95  101   99  102   99   80   26252
118408512 770 60   48   47   50   56   55   53   57   63   65   61   66   26252
128408512 770 80   70   70   87   80   88  101  111  126  123  100   83   26252
118408512 870 58   48   49   52   53   55   51   52   55   56   58   60   26252
128408512 870 60   59   56   75   84   84  103  121  106  113   98   95   26252
118408512 970 61   48   43   48   51   50   49   52   56   58   59   60   26252
128408512 970    C 52   52   73   81   87   83  114  113   98   98   88   26252
1184085121070 76   52   45   48   50   49      C    C 54   58   62   73   26252
1284085121070 80   77   64   97  114  112  148  167  146  133  134  135   26252
1184085121170103   82   77   72   71   82   85   87   85   80   83   90   26252
1284085121170 90   81   70   85  104  122  129  137  125  102  100   90   26252
1184085121270 87   53   45   47   48   51   50   51   55   55   56   58   26252
1284085121270 59   48   44   65   81   94  102  116  105  114  103   87   26252
1184085121370 73   57   46   39   42   41   40   41   45   49   51   50   26252
1284085121370 47   44   39   59   98  103  107  126  136  126  105  105   26252
1184085121470 92   65   41   29   20   18   19   21   21   20   18   18   26252
1284085121470 18   18   21   56   74   85  102  128  144  135  103   86   26252
1184085121570 63   48   43   39   38   43   46   45   47   50   45   39   26252
1284085121570 34   30   37   65   79   87  113  130  115  129  102  103   26252
1184085121670    C 39   35   35   32   33   34   38   41   36   41   40   26252
1284085121670 36   23   27   56   72   83  100   99  118  121  103   90   26252
1184085121770 76   44   33   34   34   34   33   36   36   37   38   39   26252
1284085121770 39   34   39   58   76   83   86  119  126  106   98   84   26252
1184085121870 59   43   35   35   34   35   35   34   40   38   42   49   26252
1284085121870 45   29   42   71   97   94  126  155  162  140  126  105   26252
1184085121970 70   41   42   49   50   51   57   61   59   76   72   76   26252
1284085121970 65   61   52   81   89  101  132  205  193  166  113   99   26252
1184085122070 69   52   45   49   50   50   52   52   48   53   56   56   26252
1284085122070 59   53   42   60   81   92  144  155  133  124  114   90   26252
1184085122170 62   47   39   39   35   33   36   36   37   36   37   35   26252
1284085122170 36   35   37   54   60   76  104  124  108  101   95   86   26252
1184085122270 68   50   37   34   36   35   34   36   38   39   39   40   26252
1284085122270 38   33   36   54   64   76  102  123  117   97   92   82   26252
1184085122370 58   43   39   37   39   37   37   42   42   40   45   52   26252
1284085122370 51   50   52   58   59   59   57  103  101  104  105  107   26252
1184085122470 99   58   47   37   33   35   36   42   47   51   53   53   26252
1284085122470 40   32   34   54   61   84  105  101      C 90   90   83   26252
1184085122570 56   41   42   42   39   39   41   41   41   43   45   46   26252
1284085122570 46   42   39   52   59   62   90  101  105   94  123   97   26252
1184085122670 63   46   41   45   45   55   55   54   55   51   43   43   26252
1284085122670 54   45   35   57   59   79  101   95   90   99  104   79   26252
1184085122770 58   40   41   42   39   35   37   38   40   39   42   42   26252
1284085122770 39   34   34   55   61   69   99  105  100  100  114   97   26252
1184085122870 75   42      C 39   40   42   45   47   51   51   55   50   26252
1284085122870 39   39   40   55   65   82  107  133  125  102   93   82   26252
1184085122970 65   52   47   46   46   46   53   54   51   46   47   47   26252
1284085122970 49   49   46   55   61   81  105  103   88   78   83   75   26252
1184085123070 60   46   44   45   47   45   60   60   58   48   49   40   26252
1284085123070 44   39   35   55   64   92  154  162  134  100   81   74   26252
1184085123170 59   53   41   39   35   34   34   36   37   39   40   46   26252
1284085123170 38   33   36   53   75  101  126  141  117  100   82   69   26252
2184085124070 63   48   42   39   39   40   40   42   45   47   45   47
2284085124070 44   39   40   60   79   87  104  121  116  102  100   87
2184085125070 30   31   30   31   31   30   30   30   31   31   31   31
2284085125070 30   31   31   31   31   31   31   31   30   31   31   31
