7 BOULDER           GOES2         136 86    6  2         0 -T          FR
1184081 1 170388  297  168  118   95   88   89   91   90   90   92   93   36255U
1284081 1 170 91   90  123  226  321  431  557  635  407  690  631  502   36255U
1184081 1 270367  283  165  109   86   79   75   72   73   75   76   75   36255U
1284081 1 270 76   74   96  212  318      C488  560  589  546  493  462   36255U
1184081 1 370381  305  208  142  118   91   72   66   67   66   66   67   36255U
1284081 1 370 65   62   87  198  317  374  470  536  499  441  427  372   36255U
1184081 1 470305  212  164  150  113  102   98   80   71   68   64   62   36255U
1284081 1 470 68   70   82  168  261  341  467  510  497  452  427  381   36255U
1184081 1 570297  231  163   85   67   65   66   65   67   66   64   57   36255U
1284081 1 570 53   53   78  185  248  294  376  456  425  405  349  363   36255U
1184081 1 670321  226  128   85   65   59   59   58   54   45   44   42   36255U
1284081 1 670 42   44   71  156  242  289  375  436  421  379  390  336   36255U
1184081 1 770289  214  130   79   63   55   56   55   54   56   60   57   36255U
1284081 1 770 49   46   70  155  244  319  351  469  457  391  371  351   36255U
1184081 1 870288  210  120   73   57   49   48   49   50   51   53   51   36255U
1284081 1 870 51   48   77  159  275  368  461  463  490  430  432  389   36255U
1184081 1 970285  205  135   90   68   63   61   58   59   58   54   48   36255U
1284081 1 970 46   45   73  159  237  314  398  412      C402  354  333   36255U
1184081 11070266  165  113   66   42   43   46   52   55   58   58   56   36255U
1284081 11070 50   47   72  160  234  302  362  453  428  461  474  465   36255U
1184081 11170350  269  128   85   75   76   78   81   82   80   69   60   36255U
1284081 11170 60   66   81  165  252  379  500  500  507  465  451  423   36255U
1184081 11270379  259  173   94   73   67   65   70   77   88   93   84   36255U
1284081 11270 78   72   84  174  252  338  339  393  396  346  369  350   36255U
1184081 11370303  198  130   88   72   64   66   67   68   69   68   64   36255U
1284081 11370 63   63   78  179  254  320  387  458  501  505  470  432   36255U
1184081 11470374  272  166  105   70   64   64   66   70   71   74   75   36255U
1284081 11470 72   62   81  196  281  384  466  497  475  461  426  403   36255U
1184081 11570338  212  133   84   71   66   67   68   68   67   70   69   36255U
1284081 11570 68   63   77  170  257  303  406  453  455  409  381  345   36255U
1184081 11670284  204  126   81   68   63   60   58   60   64   65   66   36255U
1284081 11670 54   51   79  191  249  326  375  428  423  377  344  324   36255U
1184081 11770290  190  119   78   65   51   49   50   53   54   55   57   36255U
1284081 11770 56   52   75  162  240  278  379  395  390  401  390  350   36255U
1184081 11870284  226  136   80   60   43   43   43   42   43   45   51   36255U
1284081 11870 50   49   74  169  213  280  338  363  358  356  338  301   36255U
1184081 11970255  193  119   73   58   55   57   57   59   62   64   65   36255U
1284081 11970 64   64   82  166  239  296  434  436  407  408  388  337   36255U
1184081 12070255  209  130   96   72   62   59   57   56   59   59   56   36255U
1284081 12070 47   49   78  166  237  318  361  426  427  423  446  399   36255U
1184081 12170294  200  114   71   56   53   52   53   53   52   52   51   36255U
1284081 12170 48   47   75  160  241  307  387  437  421  443  424  363   36255U
1184081 12270254  205  112   74   63   60   56   51   49   48   49   48   36255U
1284081 12270 43   42   78  182  262  418  458  502  500  506      C415   36255U
1184081 12370368  260  173  125   94   81   77   77   80   82   81   80   36255U
1284081 12370 78   76  101  207  284  336  404  423  416  417  420  387   36255U
1184081 12470336  223  118   76   65   64   68   72   74   76   76   69   36255U
1284081 12470 60   47   73  163  291  374  451  478  465  457  429  397   36255U
1184081 12570313  213  114   72   58   35   31   33   33   33   33   34   36255U
1284081 12570 37   41   63  137  244  359  456  463  438  431  433  378   36255U
1184081 12670317  230  146   74   46   35   37   38   33   29   52   76   36255U
1284081 12670 75   64   67  181  291  412  512  539  526  505  514      C 36255U
1184081 12770    C275  172  115   69   69   59   51   44   46   42   46   36255U
1284081 12770 41   36   62  184      C418  496  508  518  504  516  477   36255U
1184081 12870383  292  199  113   81   68   58   60   61   68   59   44   36255U
1284081 12870 41   37   68  190  331  457  486  523  506  502  517  489   36255U
1184081 12970429  325  172  103   69   58   52   58   45   38   40   38   36255U
1284081 12970 42   44   85  203      C499  572  614  625  600  545  501   36255U
1184081 13070452  324  204  13  C 77   49   36   33   32   38 C 44   59   36255U
1284081 13070    C    C    C186      C    C453  468  468  490  485  421   36255U
1184081 13170    C    C    C    C    C    C    C    C    C    C    C    C 36255U
1284081 13170    C    C    C    C    C    C    C    C    C    C    C    C 36255U
2184081 14070313  224  134   85   68   63   59   58   59   62   59   58
2284081 14070 54   51   78  172  252  337  442  463  457  442  427  387
2184081 15070 29   30   30   29   30   30   30   30   30   29   30   30
2284081 15070 29   29   29   30   27   28   30   30   29   30   29   29
1184081 2 170428  332  167  103   70   58   54   55   60   58   53   54   36255U
1284081 2 170 44   40   80  209  334  466  512  527  513  551  587  547   36255U
1184081 2 270498  406  249  175  140  116   88   65   47   40   40   44   36255U
1284081 2 270 51   39   70  210  408  511  641  626  642  613  559  491   36255U
1184081 2 370411  323  237  164  122   88   64   39   30   31   39   44   36255U
1284081 2 370 57   61   86  214  337  462  550  608  596  583  555  503   36255U
1184081 2 470412  294  174  122   75   52   40   44   44   53   60   62   36255U
1284081 2 470 60   54   83  204  346  467  572  604  635  640  621  560   36255U
1184081 2 570484  383  270  182  118   80   62   59   62   65   65   59   36255U
1284081 2 570 57   49  121  295  472  560  642  763  766  765  721  630   36255U
1184081 2 670544  448  300  200  125   78   70   49   47   47   43   27   36255U
1284081 2 670 30   32   85  239  432  688  841  861  934  944  971  891   36255U
1184081 2 770769  594  382  273  216  197  157  112   76   70   60   33   36255U
1284081 2 770 25   24   79  229  379  496  570  572  556  563  522  432   36255U
1184081 2 870367  271  161   88   63   45   38   37   36   37   41   43   36255U
1284081 2 870 43   36   77  170  289  448  531  627  674  646  597  508   36255U
1184081 2 970472  362  263  220  187  164  158  148  141  132  125  105   36255U
1284081 2 970 81   71  121  254  377  432  462  509  514  533  547  560   36255U
1184081 21070417  325  195  112   65   58   61   62   61   59   58   47   36255U
1284081 21070 39   35   79  168  290  413  499  554  556  555  512  474   36255U
1184081 21170409  305  210  122      C    C    C    C    C    C    C    C 36255U
1284081 21170    C    C 96  212  360  454  503  596  640  674  652  597   36255U
1184081 21270503  380  283  187  122   84   69   61   59   64   69   71   36255U
1284081 21270 72   66  101  204  324  415  501  534  556  547  551  529   36255U
1184081 21370468  346  257  163   89   58   41   41   40   42   48   57   36255U
1284081 21370 55   54  112  209  333  415  475  537  555  547  548  522   36255U
1184081 21470440  338  247  160   92   58   38   35   36   38   40   42   36255U
1284081 21470 45   45  102  201  304  377  457  502  522  533  520  505   36255U
1184081 21570436  331  216  128   76   50   35   32   33   34   36   38   36255U
1284081 21570 39   39   93  207  313  409  499  542  592  592  582  539   36255U
1184081 21670476  410  288  207  126   84   67   60   55   43   38   34   36255U
1284081 21670 32   31   95  209  332  401  466  507  541  541  527  484   36255U
1184081 21770418  329  234  148   97   63   41   37   38   37   38   36   36255U
1284081 21770 35   36  108  244  371  428  480  544  556  552  549  512   36255U
1184081 21870456  336  249  166  101   69   49   43   40   40   40   41   36255U
1284081 21870 42   44  116  250  373  459  508  569  610  616  591  549   36255U
1184081 21970467  348  294  198  122   73   54   42   41   45   58   65   36255U
1284081 21970 60   46  115  230  335  408  506  506  512  529  507  468   36255U
1184081 22070424  325  213  132   85   74   65   58   59   56   53   59   36255U
1284081 22070 61   58  128  274  384  541  597  688  687  671  600  555   36255U
1184081 22170504  408  277  170  114   74   59   48   52   63   69   74   36255U
1284081 22170 72   64  125  244  331  423  532  561  560  565  549  519   36255U
1184081 22270500  410  286  202  129  100   78   74   75   78   80   79   36255U
1284081 22270 77   75  146  261  365  447  512  563  583  588  564  566   36255U
1184081 22370546  498  430  290  208  130   93   79   76   76   76   76   36255U
1284081 22370 75   71  150  285  392  480  563  634  645  637  615  566   36255U
1184081 22470517  432  330  225  164  128  111   98   94   90   93  101   36255U
1284081 22470101   92  169  300  428  553  644  708  766  754  716  700   36255U
1184081 22570666  580  463  352  275  207  181  148  140  132  133  130   36255U
1284081 22570125  136  240  400  523  619  712  727  743  725  685  668   36255U
1184081 22670596  513  340  218  158  126  109   88   81   78   78   80   36255U
1284081 22670 79   76  175  319  412  497  636  717  803  817  828  762   36255U
1184081 22770653  549  390  321  246  182  126  109   88   89  103  121   36255U
1284081 22770125  125  207  328  414  561  637  750  756  720  697  637   36255U
1184081 22870591  508  407  305  220  178  132  116  111  107  111  107   36255U
1284081 22870106  109  192  316  434  553  685  755  815  800  795  773   36255U
2184081 24070474  371  266  178  122   80   65   59   59   58   58   59
2284081 24070 57   54  110  234  368  460  531  584  603  602  584  548
2184081 25070 28   28   28   28   27   27   27   27   27   27   27   27
2284081 25070 27   27   28   28   28   28   28   28   28   2    2    2
1184081 3 170721  609  416  281  190  157  129  121  111   84   73   74   36255U
1284081 3 170 75   82  206  338  488  608  711  826  856  886  851  772   36255U
1184081 3 270760  611  467  277  193  142  115   77   63   55   62   65   36255U
1284081 3 270 71   75   21  383  591  676  764  844  854      C    C    C 36255U
1184081 3 370468  367  255  159  126   88      C    C    C 31   28   36   36255U
1284081 3 370 36   36  164  320  434      C632  700  732  729  724  685   36255U
1184081 3 470600  510  411      C237  199  208  207  199  196  188  190   36255U
1284081 3 470172  183  281  407  524  624      C    C    C    C543  587   36255U
1184081 3 570543  428  286  187  127   84   67   59   44   39   34   13   36255U
1284081 3 570 38   37   95  119  166  174  207  242  244  229  218  207   36255U
1184081 3 670200  188  153  119   85   58   35   30   26   31   30   28   36255U
1284081 3 670 18   39  159  297  434  507  592  635  637  589  550  530   36255U
1184081 3 770468  392  293  220  156  111   84   75   76   62   53   58   36255U
1284081 3 770 64   81  240  398  496  594  645  724  713  691  616  539   36255U
1184081 3 870469  414  298  213  165  141  105   76   74   69   61   57   36255U
1284081 3 870 67   77  199  321  430  515  600  662  672  657  631  596   36255U
1184081 3 970538  449  327  213  161  126   99   76   65   62   67   62   36255U
1284081 3 970 56   72  204  351  426  503  595  653  677  675  676  63    362  4
1184081 31070576  477  337  249  200  156  126  119  107  113  120  113   36255U
1284081 31070 77   88  252  454  554  678  794  837  855  847  802  728   36255U
1184081 31170645  531  383  266  203  167  138  120  120  120  124  115   36255U
1284081 31170107  108  232  349  427  520  591  609  672  661  628  590   36255U
1184081 31270538  413  278  197  160  129  113   97   75   64   65   76   36255U
1284081 31270 84  118  238  340  419  555  678  744  749  739  721  645   36255U
1184081 31370638  539  388  277  194  131  115  110   95   95   97  104   36255U
1284081 31370 88  114  234  396  499  593  655  720  713  635  582  555   36255U
1184081 31470550  503  374  249  167  123   78   81   88   85   73   61   36255U
1284081 31470 46   50  102  194  249  393  552  591  609  600  586  551   36255U
1184081 31570506  381  264  184  137   86   66   49   63      C    C    C 36255U
1284081 31570    C    C    C    C    C    C    C    C    C    C    C    C 36255U
1184081 31670    C    C    C    C    C    C    C    C    C    C    C    C 36255U
1284081 31670    C    C159  340  463  563  633  708  69   682  658  612   36255U
1184081 31770519  446  328  239  175  142  117   88   74   60   54   52   36255U
1284081 31770 60   76  187  311  378  493  558  611  645  661  618  588   36255U
1184081 31870504  382  275  170  118   92   79   73   70   71   62   58   36255U
1284081 31870 48   72  175  251  312  368  406  446  468  430  400  380   36255U
1184081 31970352  330  251  190  151  116   81   76   75   72   70   66   36255U
1284081 31970 63   96  209  321  429  514  593  650  705  722  696  633   362 5U
1184081 32070554  466  364  250  189  127   91   80   78   78   78   77   36255U
1284081 32070 84  109  210  310  457  551      C636  631  627  574  554   36255U
1184081 32170520  457  333  243  190  122  100   80   82   85   85   93   36255U
1284081 32170 89  118  249  371  464  587  671  719  727  751  757  727   36255U
1184081 32270634  503  372  280  206  160  131  118  121  116  113   88   36255U
1284081 32270 77  113  250  390  472  578  651  709  741  732  712  679   36255U
1184081 32370642  542  405  286  203  162  125  114  105  102  104  101   36255U
1284081 32370101  146  251  365  438  548  625  672  712  695  674  635   36255U
1184081 32470568  465  320  206  165  142  123  111  108  109  104   96   36255U
1284081 32470 92  128  263  381  482  584  651  716  718  719  679  655   36255U
1184081 32570583  487  355  261  206  166  146  120  122  150  148  115   36255U
1284081 32570 80  116  251  386  500  554  633  633  628  622  634  631   36255U
1184081 32670592  527  381  296  212  200  169  159  134  114   87   82   36255U
1284081 32670 81  124  221  291  299  392  421  464  496  476  455  451   36255U
1184081 32770432  392  267  177  125  108   88   78  110  103   99   86   36255U
1284081 32770 79  124  253  325  412  509  547  616  650  644  637  601   36255U
1184081 32870560  468  357  256  201  156  125  121  128  103  114   81   36255U
1284081 32870 77  123  261  377  471  594  673  730  738  706  686  663   36255U
1184081 32970624  543  423  289  235  195  165  158  151  153  150  152   36255U
1284081 32970126  184  290  380  406  473  594  628  645  599  544  467   36255U
1184081 33070418  353  285  213  170  153  118  117  101  100  102  108   36255U
1284081 33070109  167  305  400  428  534  629  719  694  718  671  666   36255U
1184081 33170641      C    C    C    C    C    C 84   66   80   68   67   36255U
1284081 33170 76  155  328  474  606  735  895  890  889  893  888  799   36255U
2184081 34070552  465  333  241  175  141  115   88   88   85   78   77
2284081 34070 77  109  233  350  436  551  630  672  695  678  637  612
2184081 35070 30   29   29   28   29   29   28   29   29   29   29   29
2284081 35070 29   29   30   30   30   29   28   29   29   28   29   29
1184081 4 170690  591  423  303  260  224  175      C    C    C    C    C 36254U
1284081 4 170    C    C    C    C588  675  746  848  833  811  782  706   36254U
1184081 4 270596  497  375  256  176  118   68   71   73   68   65   66   36254U
1284081 4 270 50  114  247  420  550  674      C    C693  721  699  626   36254U
1184081 4 370575  505  380  251  201      C    C    C    C    C    C    C 36254U
1284081 4 370    C    C335  498  610  709  786  808  816  797  737  704   36254U
1184081 4 470637  574  450  320  267  223  192  171  174  161  134  124   36254U
1284081 4 470122  186  364  520  651  749  814  851  824  792  730  699   36254U
1184081 4 570626  530  423  306  239  202  173  151  137  127  111  101   36254U
1284081 4 570 93  168  323  482  619  699  752  778  783  753  700  669   36254U
1184081 4 670601  518  417  318  254  212  169  124  129  135  138  137   36254U
1284081 4 670138  204  314  430  563  679  750  788  794  778  741  687   36254U
1184081 4 770608  527  408  288  219  175  144  127  115  112  121  110   36254U
1284081 4 770 87  173  330  467  608  693  766  804  774  805  732  694   36254U
1184081 4 870625  541  428  313  267  231  189  158  131  122  133  125   36254U
1284081 4 870130  191  287  388  524  640  751  794  804  790  697  625   36254U
1184081 4 970571  491  406  318  260  206  185  172  152  134  111  100   36254U
1284081 4 970100  212  373  522  647  710  766  820  824  797  748  667   36254U
1184081 41070599  520  415  325  261  214  178  161  155  144  125  115   36254U
1284081 41070120  231  382  510  605  706  772  831  826      C739  678   36254U
1184081 41170651  569  473  366  295  259  220  187  176  159  147  149   36254U
1284081 41170162  257  340      C    C    C    C    C    C    C    C    C 36254U
1184081 41270    C    C    C    C    C    C    C    C    C    C    C    C 36254U
1284081 41270    C    C    C    C    C    C    C    C    C    C    C    C 36254U
1184081 41370    C    C    C    C    C    C    C    C    C    C    C    C 36254U
1284081 41370    C288 M316 M365 M395 M396 M    C730 M    C793 M794 M786 M 36254U
1184081 41470785 M735 M662 M    C    C    C    C    C    C    C    C    C 36254U
1284081 41470    C295  403  491  579  631  683  700  680  670  633  616   36254U
1184081 41570    C524  444  348  298  270  213  163  156  141  129  119   36254U
1284081 41570116  211  341  461  568  633  676  656  656  637  596  532   36254U
1184081 41670500  444  383  291  227  194  157  142  130  119  101   73   36254U
1284081 41670 84  182  300  354  386  438  499  567  612  637  636  617   36254U
1184081 41770556  478  402  293  218  173  144  129  112  116  106  103   36254U
1284081 41770104  189  306  390  475  531  579  650  653      C601  594   36254U
1184081 41870537  475  385  237  166  125   97   89   92   90   86   66   36254U
1284081 41870 65  202  368  527  644  722  789  867  879  840  762  686   36254U
1184081 41970629  545  440  336  254  256  254  259  197  160  111   67   36254U
1284081 41970 66  122  192  215  187  203  235  252  259  264  244  205   36254U
1184081 42070166  134  107   79   62   63   66   79   72   91   51      C 36254U
1284081 42070    C116  249  311  322  322  347  406  403  398  331  328   362 4U
1184081 42170299  247  225  151  106   93   89  102  101   78   73   76   36254U
1284081 42170 96  129  124  145  186  226  269  300  299  325  320  319   36254U
1184081 42270302  301  257  191  154  135  127  131  129  138  137  127   36254U
1284081 42270116  163  254  343  406  445      C465  493  536  50   427   36254U
1184081 42370388  347  303  210  169  130  119      C 96  111  109   91   36254U
1284081 42370 95  150  183  216  227  252  285  317  330  34   342  33    362 4U
1184081 42470306  288  234  185  139   96   83   79   82   73   65   41   36254U
1284081 42470 49  125  261  349  385  479  529  563  595  563  50   448   362 4U
1184081 42570404  371  321  2 8  211  169  146  1 2  140  11   118  107   362 4U
1284081 42570112  211  307  427  528  567  641  667  688  692  650  593   36254U
1184081 42670543  450  380  268  199  147  137  150  1 6  135   91   71   362 44
1284081 42670 96  160  216  180  202  283  32   3 0  38   422  384  367   362 4U
1184081 42770367  324  247  174  158  132  130  112  113  102   85   72   362 4U
1284081 42770 78  117  144  179  214  238  276  319  310  305  297  300   36254U
1184081 42870286  254  209  158  112   78   73   82   88   84   71   57   36254U
1284081 42870 68      C168  230  300  365  409  434  453  428  388  328   36254U
1184081 42970    C    C155  123   80   56   72   59   53   82   69   73   36254U
1284081 42970 66  160  248  297  321  317  334  340  311  312  289  247   36254U
1184081 43070216  188  166  168  126  104   93   86   76   66   53   84   36254U
1284081 43070110  193  323  419  512  568  597  596  587  578  550  508   36254U
2184081 44070563  491  384  268  211  171  144  130  129  119  109   95
2284081 44070 96  184  306  419  526  599  641  656  656  653  634  605
2184081 45070 26   27   28   27   27   26   26   24   25   25   25   24
2284081 45070 24   26   28   27   28   28   25   27   27   26   28   28
1184081 5 170450  407  355  289  237  210  196  185  169  146  141  138   36255U
1284081 5 170159  242  341  452  502  547  543  610  583  570  536  494   36255U
1184081 5 270456  426  365  295  241  221  207  191  175  173  161  154   36255U
1284081 5 270170  256  332  376  385  404  416  445  478  475  470  435   36255U
1184081 5 370413  423  370  292  246  202  178  161  157  148  134  124   36255U
1284081 5 370146  207  276  347  383  383  383  383  383  383  383  383   36255U
1184081 5 470383  372  276  231  190  168  157  152  152  147  139  121   362 5U
1284081 5 470156  259  379  494  586  613  631  641  618  579  537  481   362  U
1184081 5 570446  422  381  280  234  207  181  164  154  148  137  13    36255U
1284081 5 570163  272  382  494  549  556  590  601  587  549  513  475   362  4
1184081 5 670442  408  369  309  246  211  196  188  179  158  150  137   36255U
1284081 5 670178  297  419  524  595  621  671  662  641  620  556  499   36255U
1184081 5 770461  416  367  293  233  187  165  162  157  136  113      C 362  4
1284081 5 770137  274  396  477  530  602  643  659  657  637  588  547   3625 U
1184081 5 870492  436  376  294  238  205  184  162  150  140  132  121   36255U
1284081 5 870162  280  412  508  593  623  650  651  607  571  512  467   36255U
1184081 5 970417  374  293  215  160  139  123  126  119  115  107   92   36255U
1284081 5 970120  135  178  238  273  297  302  297  304  308  313  300   36255U
1184081 51070277  246  209  158  116   95   83   86   76   57   43   25   36255U
1284081 51070137  185  296  389  449  512  539  548  583  567  525  477   36255U
1184081 51170470  396  396  304  213  212  183  165  153  130   78   43   36255U
1284081 51170 47   70   82   89  104  132  147  190  223  231  235  237   362  U
1184081 51270219  180  149  112   80   65   59   51   52   35   22   11   36255U
1284081 51270 52  164  255  327  397  466  523  513  52   48   448  387   362 5U
1184081 51370343  300  245  191  111  111   74   64   81   65   58   47   362  U
1284081 51370 92  201  312  407  474      C    C535  527  462  433  38    3625 U
1184081 51470343  295  247  182  123   91   72   57   50   53    6    1   362 5U
1284081 51470 87  152  212  264  309  325  345  372  367  361  344  333   36255U
1184081 51570303  293  262  198  151  121  123   94    2   76    6    6   362  4
1284081 51570 56   98  125  167  211  250  288  321  344  359  349  314   36255U
1184081 51670259  221  173  141  123   78   59   42   34   32   25   25   36255U
1284081 51670 32   55   92   95  114  121  129  150  160  164  160  149   36255U
1184081 51770126  112   95   71   51   37   23   14    7    7    1   37   36255U
1284081 51770 76  147  202  249  287  328  373  429  456  426  394  380   36255U
1184081 51870362  364  338  268  187  159  139  139  161  163  115   56   36255U
1284081 51870 70   93  118  148  139  155  173  182  214  208  210  207   36255U
1184081 51970188  167  145  125  113   98   81   76   65   64   68   57   36255U
1284081 51970107  201  289  385  421  462  487  503  503  437  396  369   36255U
1184081 52070352  337  307  222  175  134  131  100  100  10   114    6   3625 U
1284081 52070 97  129  155  183  201  196  204  213  237  2    247  219   362  U
1184081 52170208  184  157  120   95   86   85   81   74   6          3   362  4
1284081 52170 82  127  176  262  325  336  371  423  462  488  480  466   36255U
1184081 52270437  363  298  224  169  129  117  117  123  125  11   103   362  U
1284081 52270124  172  217  252  279  293  320  345      C398  373  341   36255U
1184081 52370295  268  241  194  145  117  109  106  104   98   83   73   362  U
1284081 52370103  126  143  206  232  296  335  385  421  407  355  315   36255U
1184081 52470286      C    C225      C    C    C    C    C    C    C    C 36255U
1284081 52470 79   87  125  171      C    C    C325  336  317  312  307   36255U
1184081 52570288  273  239  205  161  127  113  113  109  106   97   82   36255U
1284081 52570106      C179  202  207  223  245  269  272  267  260  241   36255U
1184081 52670236  224  206  194  173  152  138  127  125  110  104  105   36255U
1284081 52670133  167  205  259  340  356  394  416  450  446  427  381   36255U
1184081 52770339  307  261  201  164  132  120  115  112  106   9         362  U
1284081 52770131  210  265  310  362  407      C437  447  456  425  390   36255U
1184081 52870340  311  308  249  199  147  145  1 2  143  128  108    0   362  4
1284081 52870124  187  241  278  300  318  317  306  313  314  312  2 0   36255U
1184081 52970282  283  273  239  189  145  134  133  12   122  111  10    362  4
1284081 52970154  218  248  306  355  388  413  436  466  445  406  382   36255U
1184081 53070353  323  273  208  156  127  111   97   87   81   71   62   362  U
1284081 53070 83  129  165  222  276  303  320  340  326  306  288  295   36255U
1184081 53170287  260  231  184  127   88   73   70   69   63   57   57   36255U
1284081 53170 86  130      C    C    C    C    C337  345  347      C    C 36255U
2184081 54070343  309  273  215  166  133  123  116  115  108  100   82
2284081 54070107  169  229  271  340  346  373  416  448  426  395  380
2184081 55070 31   30   30   31   30   30   30   30   30   30   30   29
2284081 55070 31   30   30   30   29   28   27   31   30   31   30   30
1184081 7 170    C    C    C    C    C    C    C    C    C    C    C    C 36255U
1284081 7 170    C    C    C    C    C306      C    C    C    C    C    C 36255U
1184081 7 270    C    C    C    C    C    C    C    C    C    C    C    C 36255U
1284081 7 270    C    C    C    C    C262      C    C    C    C    C    C 36255U
1184081 7 370    C    C    C    C    C    C    C    C    C    C    C    C 36255U
1284081 7 370    C    C    C    C    C    C    C    C    C    C    C    C 36255U
1184081 7 470    C    C    C    C    C    C    C    C    C    C    C    C 36255U
1284081 7 470    C    C    C    C    C    C    C    C    C    C    C    C 36255U
1184081 7 570    C    C    C    C    C    C    C 76      C    C    C    C 36255U
1284081 7 570    C    C    C    C    C    C    C    C236  226      C    C 36255U
1184081 7 670    C    C    C    C    C    C    C    C    C    C    C    C 36255U
1284081 7 670    C    C    C    C    C    C250  281      C    C    C    C 36255U
1184081 7 770    C187      C    C    C    C    C    C    C    C    C    C 36255U
1284081 7 770    C    C    C    C214  210  195      C    C    C    C179   36255U
1184081 7 870    C    C    C    C    C    C    C    C    C 82      C    C 36255U
1284081 7 870    C    C    C    C    C287      C    C    C    C    C    C 36255U
1184081 7 970    C    C    C    C131      C    C122      C    C    C    C 36255U
1284081 7 970    C    C    C    C261  275      C    C    C    C    C    C 36255U
1184081 71070229  200  178  162  137  117  101   93   95   82   72   63   36255U
1284081 71070 80  126      C    C    C    C    C    C    C    C    C    C 36255U
1184081 71170    C    C    C196  165  130  108   98   85   80   77   66   36255U
1284081 71170    C    C    C    C    C    C    C    C    C270      C    C 36255U
1184081 71270    C    C    C    C    C    C    C    C    C    C    C    C 36255U
1284081 71270    C    C137      C    C    C    C    C    C    C    C    C 36255U
1184081 71370    C    C    C    C    C    C    C    C    C    C    C    C 36255U
1284081 71370    C    C    C    C    C    C    C    C    C248      C    C 36255U
1184081 71470215  198  209  195  165  139  130   99   89   86   80   68   36255U
1284081 71470 90  149  191  213  221  238  262  258  278  270  264  257   36255U
1184081 71570248  240  229  200  166  128  105   94   87   79   76   67   36255U
1284081 71570 89  151  209  251  273  265  258  267  277  279  255  240   36255U
1184081 71670242  249  245  214  173  149  127  110  102   99   80   70   36255U
1284081 71670 97  164  188  212  227  240  255  273  285  279  266  251   36255U
1184081 71770249  241  241  212  170  106   96   98  176  160  155  157   36255U
1284081 71770192  279  340  344  340  327  329  334  358  382  386  389   36255U
1184081 71870366  312  247  212  192  175  163  160  156  143  130  123   36255U
1284081 71870165  240  284  276      C    C261  262  259  263  255  259   36255U
1184081 71970260  267  249  221  196  173  169  165  167  157  148  138   36255U
1284081 71970172  242  285  302  301  322  343  370  385  383  349  329   36255U
1184081 72070325  323  299  267  232  202  190  180  178      C    C    C 36255U
1284081 72070136  173  209  227  231  257  280  299  300  298  304  297   36255U
1184081 72170283  263  246  217  198  176  158  153  152  137  128  122   36255U
1284081 72170139  200  283  358  391  362  378  384  376  353  343  311   36255U
1184081 72270302  293  268  237  204  156  135  107  109  107   85   70   36255U
1284081 72270 96  162  219  243  280  300  345  347  334  330  329  288   36255U
1184081 72370278  244  234  196  149  135  115  103   90   97   95   85   36255U
1284081 72370 86  108  135  136  151  166  176  173  162  153  144  130   36255U
1184081 72470125  128  127  114  107   81   60   37   24   21   21   17   36255U
1284081 72470 45  107  146  168  176  185  195  190  197  191  188  197   36255U
1184081 72570227  219  209  176  126   94   78   49   56   62   63   43   36255U
1284081 72570 52  103  107   68   74   78   87   81   94  115      C132   36255U
1184081 72670164  152   93   65   38   25   19   14    9    3    1   42   36255U
1284081 72670 69  112  158  191  204  225  238  226  238  231  229  215   36255U
1184081 72770204  203  203  203  203  203  204  203  203  198  180  170   36255U
1284081 72770191  231  246  256  266  270  281  290  291  290  286  285   36255U
1184081 72870282  270  252  230  210  190  189  188  182      C    C    C 36255U
1284081 72870    C    C    C    C    C    C    C    C    C    C    C    C 36255U
1184081 72970    C    C    C    C    C    C    C    C    C    C    C    C 36255U
1284081 72970    C    C    C    C    C    C    C    C    C    C    C    C 36255U
1184081 73070    C    C    C    C    C127 M 91 M 75 M 75 M 73 M 71 M 72 M 36255U
1284081 73070 81 M121 M176 M216 M248 M285 M292 M    C282 M253 M247 M238 M 36255U
1184081 73170    C    C    C    C    C    C    C    C 77   76   69   70   36255U
1284081 73170 71  116  157  187      C    C    C    C    C    C    C    C 36255U
2184081 74070248  241  237  203  168  144  128  105  102   91   80   70
2284081 74070 96  162  209  235  246  265  261  273  281  274  276  258
2184081 75070 16   17   16   17   18   18   18   20   19   18   17   17
2284081 75070 17   17   17   16   16   19   17   15   16   18   14   16
1184081 8 170    C    C    C    C    C    C    C    C    C    C 97   84   36255U
1284081 8 170 94   88  122  145  158  174  197  195  194  196  195  195   36255U
1184081 8 270217  209  184  160  141  125  115   99   86   82   78   72   36255U
1284081 8 270 77  119  145  151  170  196  211  238  247  235  226  236   36255U
1184081 8 370247  232  210  188  152  124  108  106  106  109  105   86   36255U
1284081 8 370 90  118  140  158  173  203  219  209  211  211  207      C 36255U
1184081 8 470205 M210 M208 M193 M193 M193 M197 M198 M193 M193 M194 M211 M 36255U
1284081 8 470213 M265 M201 M251 M    C    C329  310  291  253  243  243   36255U
1184081 8 570227  211  192  164  124   79   74   66   65   65   65   70   36255U
1284081 8 570 68   70  120  164  189  199  197  217  236  236  237  240   36255U
1184081 8 670244  236  220  200  175  144  124  120  123  120  107   91   36255U
1284081 8 670 86  117  145  166  173  179  175  181  176  183  185  196   36255U
1184081 8 770    C    C    C    C    C    C    C    C    C    C    C 67   36255U
1284081 8 770 69  115  165  214  251  273  273  299  299  299  254  236   36255U
1184081 8 870258  212  196  164  141  117   90   76   74   70   65   63   36255U
1284081 8 870 67  115  154  172  192  208  224  239  247  258  281  281   36255U
1184081 8 970288  295  285  259  217  183  150  129  126  126  127  128   36255U
1284081 8 970136  169  211  240  255  300  295      C    C    C    C    C 36255U
1184081 81070    C    C    C    C    C    C    C    C    C    C    C    C 36255U
1284081 81070    C150  196  190  193  194  212  234  227  227  240  238   36255U
1184081 81170238  215  213  198  146  113  102   84   80   87   84   82   36255U
1284081 81170 84   98  146  188  201  202  208  212  227  205  198  250   36255U
1184081 81270226  218  192  157  111   92   89   82   80   79   60   45   36255U
1284081 81270 56  110  158  196  211  228  243  212  213  213  193  192   36255U
1184081 81370199  199  169  128   86   62   49   41   38   41   33   28   36255U
1284081 81370 15   64  124  183  218  263  281      C284  269  229      C 36255U
1184081 81470    C    C    C    C    C    C    C    C109  103   97   89   36255U
1284081 81470 95  176  243  266  273  296  313  317  330  336  323  293   36255U
1184081 81570281  248  222  193  160  130  123  120  121  120  102   91   36255U
1284081 81570 96  190  293  402  479  488  472  501  492  471  449  452   36255U
1184081 81670467  407  347  283  219  162  145  105   98   96   99   80   36255U
1284081 81670 61  142  280  405  468  512  527  556  517  483  447  402   36255U
1184081 81770350  312  271  244  205  159  123  107  103   88   81   79   36255U
1284081 81770 84  136  166  201  271  344  415  437  447  423  405  379   36255U
1184081 81870305  269  239  199  168  141  120   98   90   86   86   90   36255U
1284081 81870 91  108  137  163  191  214  247  262  264  261  263  251   36255U
1184081 81970229  210  165  126  114   93   85   82   83   78   72  105   36255U
1284081 81970 91   85  183  257  293  390  424  481  404  375  364  360   36255U
1184081 82070371  337  291  226  192  158  131  121  119  106  102  100   36255U
1284081 82070 99  168  263  346  413  447  493  505  421  409  362  321   36255U
1184081 82170    C    C    C    C    C    C    C    C    C    C    C    C 36255U
1284081 82170    C142  212  284  337  371  379  418  418  424  397  354   36255U
1184081 82270313  279  236  197  167  155  143  140  132  120  115  101   36255U
1284081 82270 95  175  298  402  462  486  510  545  552  551  492  493   36255U
1184081 82370468  449  393  316  298  249  165  153  143  126  120  102   36255U
1284081 82370 96  135  166  182  183  235  308  338  315  337  318  341   36255U
1184081 82470372  331  241  119   79   59   45   61   48   38      C 66   36255U
1284081 82470 57  124  244  345  440  493  546  592  550  502  460  413   36255U
1184081 82570379  352  278  233  165  109   87   81   75   77   77   81   36255U
1284081 82570 86  138  198  238  267  291  334  397  430  424  373  343   36255U
1184081 82670312  278  222  166  143  115   99   85   83   87   84   77   36255U
1284081 82670 74  154  303  433  491  563  587  588  555  534  484  432   36255U
1184081 82770376  339  304  265  219  175  158  143  149  106  105  105   36255U
1284081 82770104  180  270  394  505  573  612  627  588  514  523  461   36255U
1184081 82870414  346  301  235  214  193  147  147  148  106  106  105   36255U
1284081 82870106  175  396  535  553  578  616  655  636  576  513  491   36255U
1184081 82970444  379  327  271  206  159  120  113  105  109  101  122   36255U
1284081 82970126   81  165  253  350  450  449  449  414  374  328  292   36255U
1184081 83070251  206  167  122   76   65   57   62   64   65   68   65   36255U
1284081 83070 61   77  121  177  304  366  421  421  422  406  376  358   36255U
1184081 83170329  285  240  199  149  118  116  112  113  105  106   96   36255U
1284081 83170 87  134  212  280  322  379  440  464  468  463  431  395   36255U
2184081 84070308  278  237  198  162  127  118  105  103   96   97   86
2284081 84070 87  134  183  238  269  298  329  397  367  355  325  331
2184081 85070 26   26   26   26   26   26   26   26   27   27   27   29
2284081 85070 29   31   31   31   30   30   31   29   30   30   30   28
1184081 9 170359  324  268  206  171  147  132  126  119  105  112  110   36255U
1284081 9 170135  203  305  400  463  505  534  540  562  557  527  504   36255U
1184081 9 270461  390      C    C    C    C    C    C    C    C    C    C 36255U
1284081 9 270    C    C    C371  453  520  599  621  589  552  508  467   36255U
1184081 9 370435  421      C    C    C    C    C    C    C    C124  125   36255U
1284081 9 370119  161  249  329  367  409  455  509  519  513  505  465   36255U
1184081 9 470415  383  330  247  180  164  126  117   89   86   86  118   36255U
1284081 9 470118  135  266  370  438  502  533  553  601  603  533  507   36255U
1184081 9 570427  396  313  226  186  140  110  104  102   93   94   95   36255U
1284081 9 570 79  102  148  177  210  232  244  262  273  256  236  220   36255U
1184081 9 670220  200  195  164  131  102   90   89   90   51   51   46   36255U
1284081 9 670 40   90  179  232  258  295  322  377  417  421  392  357   36255U
1184081 9 770324  299  233  150  115   86   63   56   52   51   50   51   36255U
1284081 9 770 51   51  143  255  304  334  380  414  444  454  410  362   36255U
1184081 9 870310  242  202  132   98   75   51   53   51   51   51   51   36255U
1284081 9 870 51   71  167  225  289      C408  457  454  437  422  396   36255U
1184081 9 970355  318  259  217  173  112   89   83   75   61   51   51   36255U
1284081 9 970 62  121  208  250  289  328  374  413  422  400  370  337   36255U
1184081 91070296  246  196  160  126  104   92   86   83   81   79   54   36255U
1284081 91070 45   80  200  317  429  490  501  523      C507  452  428   36255U
1184081 91170402  376  287  196  164  139  109  101  101   94   94   94   36255U
1284081 91170 87  129  190  223  216  222  220  222  226  222  215  210   36255U
1184081 91270210  192  151  106   91   74   61   60   51   51   51   96   36255U
1284081 91270 92  135  227  302  399  438  470  497  485  438  405  389   36255U
1184081 91370348  322  268  195  168  143  132  123  122  137  137  137   36255U
1284081 91370158  243  401  495  563  620  651  666  622  583  549  522   36255U
1184081 91470505  418  290  209  153  117   92   82   80   72   51   51   36255U
1284081 91470 51  107  261  377  475  527  546  501  492      C452  473   36255U
1184081 91570432  353  270  185  119   89   58   52   46   53   53   53   36255U
1284081 91570 50  107  242  330  415  502  586  613  629  613  557  510   36255U
1184081 91670450  400  314  220  179  144  124  118  114  117  139  139   36255U
1284081 91670114  155  289  426  519  613  632  671  684  674  644  611   36255U
1184081 91770571  501  390  275  210  168  147  139  138  139  140  162   36255U
1284081 91770155  193  328  474  574  608  679  697  702  707  654  607   36255U
1184081 91870571  504  408  323  263  210  173  159  156  163  182  204   36255U
1284081 91870200  255  370  481  542  597  659  694  735  729  816  836   36255U
1184081 91970785  695  517  300  190  171  164  149  133  109   96   96   36255U
1284081 91970 96  117  203  322  422  506  537  517  489  446  439  423   36255U
1184081 92070409  359  292  206  154  123  101   93   87   96   96   89   36255U
1284081 92070 91  148  277  359  416  481  522  551  575  562  543  526   36255U
1184081 92170485  406  310  222  194  151  119   99   95   96   96   96   36255U
1284081 92170 90  139  278      C431  473  519  582  594  610  590  585   36255U
1184081 92270550  469  325  219  154   94   71   78   88   96   96   77   36255U
1284081 92270 66  113  236  325  389  471  519  509  498  474  458  447   36255U
1184081 92370423  371  255  160  127   87   65   62   59   53   53   81   36255U
1284081 92370 80  127  202  235  307  392  473  515  539  521  480  445   36255U
1184081 92470400  333      C    C    C    C110  100  100   96   96  102   36255U
1284081 92470100  141  266  385  480  495  553  590  604  556  530  485   36255U
1184081 92570452  396  313  233  182  136  126  120  129  135  124  110   36255U
1284081 92570 97  222  282  460  540  583  617  675  667  634  603  570   36255U
1184081 92670514  425  321  224  175  128  108  114  116  108   96   96   36255U
1284081 92670 98  121  167  206  265  380  499  545  566  575  561  507   36255U
1184081 92770459  390  273  175  139  120  107  101  108      C 87   90   36255U
1284081 92770 79  104  251  402  525  635  668  707  742  757  693  639   36255U
1184081 92870580  472  360  206  153  121  102   95   95  102  103  103   36255U
1284081 92870108  144  279  379  448  560  624  695  722  739  720  664   36255U
1184081 92970630  542  394  254  177  128  110  113  120  129  123  108   36255U
1284081 92970 99  121  246  420  485  596  671  717  745  703  683  631   36255U
1184081 93070557  425  274  158  129  111  101   94   99   96   96   96   36255U
1284081 93070 65  116  281  437  517  581  648  661  706  572  729  674   36255U
2184081 94070433  390  290  206  164  123  107   99   97   96   96   96
2284081 94070 91  127  249  359  430  502  533  548  575  557  528  494
2184081 95070 30   30   27   27   27   27   28   28   28   27   29   29
2284081 95070 29   29   29   29   30   29   30   30   29   29   30   30
118408110 170593  494  343  217  143  111   96   89   87      C    C    C 36255U
128408110 170    C 90  258      C    C    C    C    C677  642  633  627   36255U
118408110 270521  429  306  194  144  129  104   94   92   80   78   75   36255U
128408110 270 61   93  221  360  464  564  614  635  677  714  697  683   36255U
118408110 370643  487  364  244  159  119   98   93   87   85  101  100   36255U
128408110 370 76   95  229  361  490  605  640  652  656  634  614  581   36255U
118408110 470561  470  324  190  124   94   74   80   88   96   96   79   36255U
128408110 470 55   71  227  399  511  571  591  618  651  670  665  621   36255U
118408110 570545  422  268  187  123   99   90   78   75   77   74   75   36255U
128408110 570 81   92  208  361  452  549  634  656  681  676  641  596   36255U
118408110 670539 M432 M274  184  117   96   75   56   48   53   53   48   36255U
128408110 670 41   69  207  357  478  483  543  585  611  650  655      C 36255U
118408110 770    C    C212  137  103      C    C    C    C    C    C    C 36255U
128408110 770    C    C    C    C477  502  590  609  686  743  748  657   36255U
118408110 870550  361  212   95   62   54   45   85   97   92   84  100   36255U
128408110 870 95  148  283  363  460  523  533  582  619  587  562  523   36255U
118408110 970462  390  269  146   87   68   51   59   73   79   65   50   36255U
128408110 970 30   52  201  332  373  411  488  537  584  603  586  547   36255U
1184081101070477  338  247  169  119   98   94   93   97   90   83   86   36255U
1284081101070 83   94  236  400  491  602  684  739  823  825  766  682   36255U
1184081101170570  501  371  268  215  161  140  151  145  136  128  135   36255U
1284081101170139  173  263  367  444  504  548  634  590  546  478  411   36255U
1184081101270369  288  190  122   77   64   68   69   73   76   79   80   36255U
1284081101270 71   75  209  377  536  603  656  693  695  699  675  649   36255U
1184081101370565  411  248  162  110      C 75   60   49   53   58   63   36255U
1284081101370 66   80  198  328  459  491  605  668  703  737  757  755   36255U
1184081101470653  524  433  229  235  284  376  309  243  201  168  150   36255U
1284081101470142  163  272  403  533  646  731  774  802  800  793  730   36255U
1184081101570710  573  385  263  179  148  146  141  137  137  121  103   36255U
1284081101570101  112  239  374  539  624  633  708  701  703  682  623   36255U
1184081101670528  407  245  165  118   99   83   70   82   84   74   68   36255U
1284081101670 60   69  203  338  476  536  592  622  642  643  658  627   36255U
1184081101770548  425  314  208  121   87   53   57   53   59   47   57   36255U
1284081101770 69   78  179  327  509  666  775  800  794  787  778  757   36255U
1184081101870673  525  405  306  184  137  119  107  102   99   90   83   36255U
1284081101870 65   64  178  335  478  564  624  681  707  725  730  708   36255U
1184081101970608  502  350  250  160  115   96   94   94   96  106  104   36255U
1284081101970101  114  262  434  588  692  782  877  912  896  874  813   36255U
1184081102070745  608  414  295  204  181  156  139  140  127  147  149   36255U
1284081102070138  142  251  409  571  743  782  894  822  594  556  525   36255U
1184081102170522  463  356  298  242  211  160  116   88   88   75   83   36255U
1284081102170 90   98  240  409  548  616  751  787  776  761  727  696   36255U
1184081102270629  524  356  236  127   81   66   61   60   60   55   57   36255U
1284081102270 43   47  109  120  150  172  204  236  266  283  285  286   36255U
1184081102370277  248  152  102   81   61   51   51   44   40   35   47   36255U
1284081102370 61   57  170  384  558  701  795  810  780  749  703  652   36255U
1184081102470536  393  244  164  110   70   56   58   52   44   43   44   36255U
1284081102470 30   31  150  308  469  619  680  785  758  783  757  696   36255U
1184081102570625  491  359  230  130   98   91   86   82   90   94  103   36255U
1284081102570113  108  189  266  380  479  548  567  566  570  526  486   36255U
1184081102670399  313  207  135   88   63   57   55   58   54   51   57   36255U
1284081102670 61   70  157  264  377  463  534  619      C590  573  539   36255U
1184081102770474  362  237  171   99   69   53   51   46   42   41   30   36255U
1284081102770 29   36  150  299  435  530  606  708  734  746  755  675   36255U
1184081102870568  445  337  202  117   91   89   80   66   60   60   55   36255U
1284081102870 64   70  190  364  515  613  775  757  775  822  794  750   36255U
1184081102970656  454  317  203  143  106   91   86   81   74   75   70   36255U
1284081102970 62   59  193  384  539  604  660  742  774  771  775  716   36255U
1184081103070624  474  335  202  114   87   70   62   54   50   79   74   36255U
1284081103070 71   80  195  380  523  593  683  755  785  805  771  751   36255U
1184081103170642  490  355  241  149  127  110  103   99   90   76   67   36255U
1284081103170 60   61  174  324  464  569  614  696  746  778  766  712   36255U
2184081104070566  458  317  202  123   98   89   82   82   80   76   75
2284081104070 66   79  205  361  478  570  628  687  702  714  697  654
2184081105070 30   30   31   31   31   29   30   30   30   29   29   29
2284081105070 29   30   30   29   30   30   30   30   30   31   31   30
118408111 170589  424  286  200  138  111  100   95   91   80   73   67   36255U
128408111 170 58   67  181  324  439  553  609  716  788  826  784  723   36255U
118408111 270636  483  355  234  160  129  108  104  103  101  100   96   36255U
128408111 270 89   77  174  326  486  612  666  735  795  811  829  778   36255U
118408111 370642  505  414  292  196  148  130  107  102  106  104   99   36255U
128408111 370 93   81  187  336  501  630  708  765  826  822  804  741   36255U
118408111 470632  494  368  269  168  127  104   79   70   73   73   74   36255U
128408111 470 72   78  173  355  485  616  692  747  772  778  804  745   36255U
118408111 570647  496  381  265  177  142  115  112  101  102  104  106   36255U
128408111 570105  104  206  426  577  668  736  768  798  798  790  744   36255U
118408111 670635  494  340  237  163  135  115  104   87   73   64   55   36255U
128408111 670 52   58  163  346  510  616  705  744  761  816  824  782   36255U
118408111 770685  538  389  291  247  204  174  159  151  151  150  148   36255U
128408111 770141  145      C    C    C    C    C    C    C    C    C    C 36255U
118408111 870    C    C    C    C    C    C    C    C    C    C    C    C 36255U
128408111 870    C    C    C    C    C    C    C    C    C    C    C    C 36255U
118408111 970    C    C    C    C    C    C    C    C    C    C    C    C 36255U
128408111 970    C    C    C    C548  666  669  644  813  857  744  695   36255U
1184081111070578  435  313  199  133  104   88   74   73   83   83   78   36255U
1284081111070 63   61  175  390  561  674  761  824  852  831  809  765   36255U
1184081111170665  568  444  307  239  197  152  123  110  110  108  114   36255U
1284081111170106   95  187      C733      C    C821  824  959  952  874   36255U
1184081111270793  621  493  418  353  336  332  317  234  224  222  208   36255U
1284081111270217  224  320  476  624  740  862  898  870  843  784  698   36255U
1184081111370562  406  275  170  105   94   87   81   72   66   62   59   36255U
1284081111370 57   56  132  284  436  558  643  699  729  744  706  698   36255U
1184081111470614  484  330  205  140  106   89   78   76   78   83   74   36255U
1284081111470 65   52  143  363  533  699  721  829  881  886  884  870   36255U
1184081111570824  665  526  398  332  203  145  128  125  122  127  112   36255U
1284081111570 98  107  187  382  535  668  740  787  784  752  715  672   36255U
1184081111670612  467  324  215  143  104   95   86   89   86   88   75   36255U
1284081111670 63   58  123  277  436  561  622  642  692  711  663  695   36255U
1184081111770653  461  358  236  150  101   91   91   86   92   98  101   36255U
1284081111770 96   97  147  308  431  577  592  655  717  723  704  671   36255U
1184081111870608  462  322  240  156  112   96   69   63   63   72   82   36255U
1284081111870 84   99  157  314  459  570  633  717  768  802  784  699   36255U
1184081111970609  448  319  186  140  109   77   64   57   62   70   74   36255U
1284081111970 83   87  142  280  404  489  561  648  672  696  667  614   36255U
1184081112070544  419  334  219  138  117   99   93   79   99   95   94   36255U
1284081112070107  109  163  305  375  458  530  627  639  688  636  560   36255U
1184081112170523  371  256  143   84   55   45      C 45   51   72   81   36255U
1284081112170 78   79  132  271  416  547  644  723  760  782  763  718   36255U
1184081112270577  393  274  160  114   91   88   84   64   53   52   48   36255U
1284081112270 47   49  106  217  307  427  499  548  568  524  475  389   36255U
1184081112370335  227  161   76   76   63   61   67   71   73   74   77   36255U
1284081112370 76   73  115  254  388  498  640  743  788  739  676  619   36255U
1184081112470531  418  274  169  126  117  104   90   87   85   92   94   36255U
1284081112470 94   94  139  264  381  450  468  578  608  600  554  503   36255U
1184081112570402  271  168  109   94   88   85   85   85   91   84   73   36255U
1284081112570 66   67  119  288  410  494  557      C602  615  582  522   36255U
1184081112670434  330  204  137   90   81   75   73   73   73      C    C 36255U
1284081112670    C    C    C    C    C462  582  591  622  610  575  514   36255U
1184081112770403  300  193  106   46   29   26   28   27   28   30   33   36255U
1284081112770 33   33   84  223  332  409  483  497  527  517  474  443   36255U
1184081112870329  214  127   81   59   41   27   25   25   25   26   27   36255U
1284081112870 27   27   68  191  293  403  508  556  596  573  531  461   36255U
1184081112970395  283  198   93   55   37   29   29   28   29   28   29   36255U
1284081112970 30   30   74  217  304  392  478  550  581  551  538  525   36255U
1184081113070412  294  160   86   40   29   25   24   21   21   23   24   36255U
1284081113070 22   23   69  210  315  377  434  452  477  478  458  434   36255U
2184081114070598  441  320  202  139  107   93   85   77   79   83   77
2284081114070 76   77  145  305  436  558  633  716  760  748  710  695
2184081115070 28   28   28   28   28   28   28   27   28   28   27   27
2284081115070 27   27   26   25   27   27   27   27   28   28   28   28
118408112 170366  248  161   96   52   29   30   32   27   27   29   30   36255U
128408112 170 30   32   76  203  291  406  531  595  634  589  577  549   36255U
118408112 270481  396  265  180   84   60   55   57   53   49   52   53   36255U
128408112 270 50   52  101  238  350  421  504  532  579  582  547  509   36255U
118408112 370405  292  193  101   60   45   35   39   41   40   42   43   36255U
128408112 270 50   52  101  238  350  421  504  532  579  582  547  509   36255U
118408112 370405  292  193  101   60   45   35   39   41   40   42   43   36255U
128408112 370 33   29   81  229  368  469  544  636  648  649  633  612   36255U
118408112 470498  361  257  163  110   73   71   72   69   62   47   32   36255U
128408112 470 29   32   86  220  339  470  565  606  644  645  635  574   36255U
118408112 570486  356  250  140   67   53   40   34   36   31   28   29   36255U
128408112 570 30   31   78  230  409  540  693  704  705  709  692  634   36255U
118408112 670537  399  282  178   92   64   50   52   45   39   34   33   36255U
128408112 670 31   31   82  246  413  558  635  683  693  667  635  610   36255U
118408112 770528  390  286  161   84   49   44   32   24   23      C 27   36255U
128408112 770 28   31   75  245  441  583  669  668  663  653  625  585   36255U
118408112 870492  349  246  169   98   71   63   52   47   51   50   47   36255U
128408112 870 37   33   88  264  448  564  688  783  768  824  806  738   36255U
118408112 970613  445  319  222  173  139  118   96   73   68   71   72   36255U
128408112 970 70   66  115  316  481  632  624  679  688  646  625  543   36255U
1184081121070447  322  201   71   36    4   30   17   17   18   14    1   36255U
1284081121070 39   39   79  233  361  502  605  657  691  663  648  611   36255U
1184081121170513  384  273  185  120   91   63   53   49   47   44   42   36255U
1284081121170 41   42   74  214  348  522  682  722  757  755  724  660   36255U
1184081121270540  396  314  194  125   89   71   54   36      C 36   41   36255U
1284081121270 40   32   69  258  480  732  828  869  852  871  881  884   36255U
1184081121370822  615  375  273  192  152  130  107   96   85   79   68   36255U
1284081121370 58   56   74  222  380  543  657  695  693  674  660  629   36255U
1184081121470527  403  250  111   63   46   34   34   35   35   34   31   36255U
1284081121470 27   21   44  165  290  445  560  613  624  592  585  559   36255U
1184081121570432  295  205  109   60   42   34   29   26   28   26   25   36255U
1284081121570 22   19   41  154  269  396  505  540  588  565  567  548   36255U
1184081121670474  334  190  104   54   41   38   35   28   22   20   20   36255U
1284081121670 21   23   50  137  243  374  516  537  533  566  565  501   36255U
1184081121770355  254  153   76   40   21   16   18   19   20   22   23   36255U
1284081121770 24   23   41  123  197  310  370  395  413  445  408  394   36255U
1184081121870353  333  225  108   66   28   24   25   28   40   52   56   36255U
1284081121870 44   39   63  174  250  329  467  514  493  485  452  385   36255U
1184081121970304  220  152   93   50   33   30   33   32   36   35   29   36255U
1284081121970 24   23   41  158  230  327  401  423  418  411  396  388   36255U
1184081122070286  179  123   63   23   17   18   19   19   24   28   28   36255U
1284081122070 28   27   42  122  194  260  369  427  419  412  408  409   36255U
1184081122170315  197  107   50   28   30   32   31   36   39   39   31   36255U
1284081122170 26   23   38  134  241  322  396  421  452  430  407  400   36255U
1184081122270298  198  111   55   26   23   23   23   22   22   24   24   36255U
1284081122270 23   25   43  150  249  344  412  476  452  422  438  407   36255U
1184081122370283  168   97   60   34   30   29   27   28   29   30   25   36255U
1284081122370 22   23   36  137  211  295  404  416  523  999 M423  415   36255U
1184081122470319  240  193   91   53   47   40   37      C    C    C 35   36255U
1284081122470 31   28   38  117  214  321  411  447  447  432  422  405   36255U
1184081122570328  229  155   69   36   32   31   34   33   35   32   31   36255U
1284081122570 30   29   40  122  224  280  393  459  489  468  484  446   36255U
1184081122670343  210  145   66   29   29   21   21   11   12   12   21   36255U
1284081122670 21   22   43  147  245  363  457  479  502  492  471  450   36255U
1184081122770352  197  106   50   33   29   29   28   23   23   22   18   36255U
1284081122770 16   17   35  133  248  377  452  536  536  512  529  505   36255U
1184081122870448  327  258  145   73   37   32   33   37   38   39   36   36255U
1284081122870 27   21   33  148  304  457  558  585  523  526  513  495   36255U
1184081122970413  275  183   83   44   30   31   30   29   29   38   45   36255U
1284081122970 42   45   67  227  396  541  660  675  623  612  567  519   36255U
1184081123070401  272  162   89   73   80   75   84   66   64   65   72   36255U
1284081123070 70   62   73  218  345  487  663  697  673  619  587  515   36255U
1184081123170443  340  189  124   81   64   61   52   31   32   52   63   36255U
1284081123170 67   64   62  147  278  439  584  655  620  610  553  531   36255U
2184081124070432  322  193  104   60   42   34   34   32   35   35   31
2284081124070 30   31   63  174  291  439  544  595  620  592  567   19
2184081125070 31   31   31   31   31   31   31   31   30   29   29   31
2284081125070 31   31   31   31   31   31   31   31   31   31   31   31
