7 BOULDER           GOES3         136.38   35  237      0EMT          FR
1184091 1 170302  206  137   94   87   88   88   93  101  108  102   99   35237U
1284091 1 170 92   93  153  259  322  437  498  550  548  508  451  339   35237U
1184091 1 270244  201  121   81   75   73   74   77   79   80   80   79   35237U
1284091 1 270 79   83  149      C362  447  520  557  553  530  509  404   35237U
1184091 1 370293  201  134  101   87   88   82   81   82   87   93  108   35237U
1284091 1 370109  113  168  254  367  458  526  560  539  517  474  419   35237U
1184091 1 470293  196  133   91   76   73   76   78   80   83   87   89   35237U
1284091 1 470 81   78  128  220  307  369  451      C527  497  470  430   35237U
1184091 1 570303      C144   89   75   76   75   76   76   77   80   83   35237U
1284091 1 570 84   85  130      C313  427  530  513  526  485  478  409   35237U
1184091 1 670299  197  128   84   74   73   75   77   79   81   84   85   35237U
1284091 1 670 84   82  135  238  311  363  442  471  447  460  423  374   35237U
1184091 1 770282  201  131   80   65   62   62   65   68   71   73   75   35237U
1284091 1 770 76   76  121  202  274  347  457  453  446  455  416  338   35237U
1184091 1 870269  214  136   92   80   76   75   78   81   84   86   89   35237U
1284091 1 870 91   90  147  255  360  472  498  578  531  530  506  432   35237U
1184091 1 970315  208  132   87   74   71   71   72   75   76   76   76   35237U
1284091 1 970 79   84  125  217  332  469  543  554  504  486  433  357   35237U
1184091 11070295  219  162  101   77   72   71   74   75   78   81   87   35237U
1284091 11070 89   90  134  248  344  484  577  549  517  514  472  401   35237U
1184091 11170319  219  139   86   77   75   76   80   83   88   94  100   35237U
1284091 11170102  102  156  253  352  459  529  525  544  538  506  409   35237U
1184091 11270316  230  160  106   85   83   84   83   84   91   97  107   35237U
1284091 11270103  100  156  270  414  558  573  592  576  560  528  456   35237U
1184091 11370349  244  169  126  114   93   84   83   86   95   96   94   35237U
1284091 11370 93   87  138  280  397  465      C489  487  516  462  354   35237U
1184091 11470277  189  126   86   77   76   76   74   73   72   72   75   35237U
1284091 11470 79   83  127  202  307  428      C448  451  482  434  348   35237U
1184091 11570267  204  146  101   84   77   76   77   79   79   80   86   35237U
1284091 11570 94   91  127  203  314  405  419  417  457  499  502  464   35237U
1184091 11670377  222  131   86   76   76   79   77   72   70   74   78   35237U
1284091 11670 81   83  143  209  300  430  511  521  552  511  451  402   35237U
1184091 11770296  219  128   83   75   72   72   73   75   79   80   82   35237U
1284091 11770 84   93  141  267  378  409  520  538  558  537  504  412   35237U
1184091 11870312  208  133   96   90   87   84   86   87   90   93   91   35237U
1284091 11870 87   89  143  243  324  429  509  534  546  526  476  423   35237U
1184091 11970308  220  130   82   73   71   71   72   75   78   81   84   35237U
1284091 11970 83   81  128  202  266  376  455  479  469  441  413  361   35237U
1184091 12070253  165  120   77   65   60   62   66   70   71   74   74   35237U
1284091 12070 70   70  122  206  265      C441  483  495  475  444  371   35237U
1184091 12170276  203      C    C 81   81   80   80   81   81   78   75   35237U
1284091 12170 74   77  153  247  371  473  552  567  523  498  469  393   35237U
1184091 12270303  207      C100   82   80   78   78   79   81   85   85   35237U
1284091 12270 83   87  168  292  417  551  641  658  592  555  522  425   35237U
1184091 12370306  221  166  112   87   82   76   75   78   83   88   94   35237U
1284091 12370 96  105  168  291  400  549  592  629  637  582  549  441   35237U
1184091 12470384  298  201  166      C 91   83   81   80   80   75   71   35237U
1284091 12470 66   75  171      C520  591  649  687  707  665  568  482   35237U
1184091 12570394  286  200  149  126  119  113  106  103  104  100  103   35237U
1284091 12570112  123  203  372  474  575  675  726  729  739  655  553   35237U
1184091 12670478  345  253      C164  140  129  127  128  129  124  119   35237U
1284091 12670113  113  194  342  492  584  659  623  591  577  546  457   35237U
1184091 12770387  297  177  107   82   78   76   79   83   86   89   90   35237U
1284091 12770 87   90  196  347  466  601  649  640  602  564  543  493   35237U
1184091 12870430  309  222  159  121   91   83   83   86   90   91   91   35237U
1284091 12870 89  105  207  350  450  568  640  624  597  577  556  496   35237U
1184091 12970403  314  223  162  116   93   87   89   95      C115  116   35237U
1284091 12970115  119  225  383  516  649  667  653  627  613  575  522   35237U
1184091 13070467  348  252  172  130  113      C 98   98  105  107  110   35237U
1284091 13070100  109  208  352  476  648  695  737  715  728  693  613   35237U
1184091 13170506  387  293      C179  165  146  132  134  128  124  125   35237U
1284091 13170129  141  269  473  639      C850  848  852  823  783  720   35237U
2184091 14070306  219  139   95   81   78   76   78   80   82   86   89
2284091 14070 87   90  149  254  362  465  530  555  546  526  502  419
2184091 15070 31   30   29   28   30   31   30   31   31   30   31   31
2284091 15070 31   31   31   28   31   29   29   30   31   31   31   31
1184091 2 170649  533  384  281  216  177  162  143  125  122  123  123   35237U
1284091 2 170117  138  269  472  671      C868  943      C991  908  893   35237U
1184091 2 270774  586  444  300  212  169  137  130  131  132  128  117   35237U
1284091 2 270 95  107  223  431  626  755      C859  840  781  726  625   35237U
1184091 2 370498  387  289  211  164  143  134  134  137  137  130  122   35237U
1284091 2 370108  107  205  396  541  614  666  704  705  679  619  557   35237U
1184091 2 470458  343  261  199  139  121  109   99   93   98  108  108   35237U
1284091 2 470104  111  195  318  457  669  731  757  762  709  657  571   35237U
1184091 2 570477  350  257  195  146  169  162  160  157  153  150  151   35237U
1284091 2 570150  161  249      C486  607  686  713  716  700  614  555   35237U
1184091 2 670472  360  256  169      C125  119  109  102   98   96   95   35237U
1284091 2 670 97  117  241  395  521  626  689  735  746  719  661  579   35237U
1184091 2 770463  338  223  165      C119  113  114  119  121  120  114   35237U
1284091 2 770104  114  231  386  473  530      C639  601  583  556  519   35237U
1184091 2 870440  341  244  171      C110   94   91   91  100  114  120   35237U
1284091 2 870127  154  269  412  572  644  711  750  734  727  673  569   35237U
1184091 2 970487  385  271  209      C169  163  162  165  172  182  194   35237U
1284091 2 970190  183  286  403  519  643      C746  796  790  708  621   35237U
1184091 21070523  446  329  260      C208  174  169  168  174  185  199   35237U
1284091 21070198  210  318  421  549  638      C732  735  720  703  619   35237U
1184091 21170521  392  290  226      C202  197  196  199  196  188  183   35237U
1284091 21170177  193  301  412  412  517  626  690  725  720  658  592   35237U
1184091 21270510  408  302  245      C212  186  167  165  162  158  155   35237U
1284091 21270150  157  261  392  497  614  616  654  661  639  596  524   35237U
1184091 21370437  300  219  140      C129  122  115  120  125  125  114   35237U
1284091 21370 98  111  233  358  461  557  619  660  660  578  576  519   35237U
1184091 21470420  303  211  155      C116  103   96  102  107  102  104   35237U
1284091 21470114  136  259  337  438  561  618  661  638  615  571  490   35237U
1184091 21570415  292  180  114      C 69   43   32   26   36   35   37   35237U
1284091 21570 25   29  147  300  455  547  641  648  613  598  561  508   35237U
1184091 21670400  268  139  750      C 45   39   35   36   42   46   49   35237U
1284091 21670 50   55  172  333  468      C626  646  626  586  550  494   35237U
1184091 21770422  316  200  122      C 68   50   45   44   43   37   27   35237U
1284091 21770 14   29  164  300  426      C608  616  636  618  578  531   35237U
1184091 21870447  335  227  229      C 77   49   39   34   33   34   35   35237U
1284091 21870 30   47  187  347  506  606      C688  686  668  610  540   35237U
1184091 21970455  350  256  162      C125   91   83   80   81   81   78   35237U
1284091 21970 75   95  252  477  540  660      C999  765  751  693  601   35237U
1184091 22070487  345  215  124      C 75   45   22   60   30   30   50   35237U
1284091 22070 50   27  207  430  535  626      C756  734  716  646  526   35237U
1184091 22170445  320  215  155      C132  102   84   61   51   41   35   35237U
1284091 22170 41   76  270  477  533  651      C810  781  725  672  603   35237U
1184091 22270495  359  261  210      C167  130  106   93  107  110  111   35237U
1284091 22270120  168  373  606  722  830      C840  812  749  671  607   35237U
1184091 22370535  430  301  217      C164  139  130  128  140  156  148   35237U
1284091 22370116  152  362  607  775  956  946  911  872  798  731  670   35237U
1184091 22470587  467  310  227      C198  185  180  177  177  175  173   35237U
1284091 22470173  211  402  615  781  897  938  964  951  909  849  781   35237U
1184091 22570669  559      C337      C283  247  216  209  210  217  212   35237U
1284091 22570208  268  490  758  744  835  919  915  866  818  750  660   35237U
1184091 22670574  449  308  221      C176  167  164  166  172  171  165   35237U
1284091 22670154  190  392  603  748      C835  862  822  778  720  633   35237U
1184091 22770552  432  274  196      C131  106   88   82   79   82   77   35237U
1284091 22770 69  125  365  596  728  834  894  920  911  894  837  742   35237U
1184091 22870623  493  396  282      C231  198  162  163  168  162  163   35237U
1284091 22870160  207  380  578  825  953  949  958  895  752  674  630   35237U
2184091 24070487  359  261  209  164  137  126  114  119  121  121  115
2284091 24070111  130  260  412  534  640  689  748  735  720  666  585
2184091 25070 28   28   27   28    5   28   28   28   28   28   28   28
2284091 25070 28   28   28   27   28   24   19   28   27   28   28   28
1184091 3 170566  449  320  218      C166  134  126  126  125  126  123   35237U
1284091 3 170101  154  374  536  723      C897  914  844  760  711  664   35237U
1184091 3 270580  468  313  237      C166  135  130  117  108   99   88   35237U
1284091 3 270 81  138  335  559  679  750  854      C807  775  743  663   35237U
1184091 3 370577  465  341  263      C211  182  169  152  145  146  146   35237U
1284091 3 370128  172  345  529  666  775  834  852  834  773  704      C 35237U
1184091 3 470558  461  357  299      C252  235  217  206  200  194  186   35237U
1284091 3 470172  222  403  564  621  706      C820  806  795  747  713   35237U
1184091 3 570653  530  400  314      C256  251  230  235  250  231  226   35237U
1284091 3 570239  290  446  474  589  695      C    C    C761  690  646   35237U
1184091 3 670598  510  374  265      C217  210  212  217  236  231  208   35237U
1284091 3 670185  252  461  674  758      C730  817  794  800  740  654   35237U
1184091 3 770545  437  336  250      C194  171  166  164  160  154  156   35237U
1284091 3 770158  203  401  545  738  700  776  771  761  740  670      C 35237U
1184091 3 870557  446  304  214      C164  132  127  127  127  122  112   35237U
1284091 3 870 99  178  380  552  642  724  772  827  781  753  693      C 35237U
1184091 3 970523  411  296  221      C206  188  170  151  147  131  140   35237U
1284091 3 970146  244  401      C732  851  964  917  889  814  745  630   35237U
1184091 31070551  445  319  219      C176  175  182  176  132  111   84   35237U
1284091 31070 81  161  335  460  525      C594  603  592  542  489  440   35237U
1184091 31170382  287  175  106      C 74   59   54   60   64   64   59   35237U
1284091 31170 56  124  288      C577  650  717  744  712      C631      C 35237U
1184091 31270534  435  304  243      C181  158  138  144  152  153  162   35237U
1284091 31270170  266  436  606  708  751  796  840  836  792  742  689   35237U
1184091 31370576  491  307  266      C215  129  107   98  110  124  136   35237U
1284091 31370104  168  380  610  778  743  755  748  736  653  575      C 35237U
1184091 31470442  356  254  168      C105   92   86   79   73   74   73   35237U
1284091 31470 74  143  217  307  421      C603  622  583  562  504  447   35237U
1184091 31570381  267  170  108      C 84   65   52   54   56   59   57   35237U
1284091 31570 42  150  354  523  612      C737      C702  654      C533   35237U
1184091 31670471  371  258  181      C157  125  114  110  110  104   99   35237U
1284091 31670102  208  418  574  670  774  814  834  825  827  826  710   35237U
1184091 31770595  486  359  273      C223  211  201  205  198  165  133   35237U
1284091 31770122  239  440  620  726  802  834  841  795  744  696  630   35237U
1184091 31870572  481  388  304      C264  242  212  203  179  164  155   35237U
1284091 31870158  292  518  655  785  865  907  864  828  782  710  657   35237U
1184091 31970593      C389  314      C267  256  252  253  251  237  218   35237U
1284091 31970210  340  561  739  854  929  990   10  973  797  747  708   35237U
1184091 32070608  489  357  263      C191  172  171  169  174  181  197   35237U
1284091 32070194  292  514  708  766  836      C827  749  705  622      C 35237U
1184091 32170496  396  276  197      C157  125  112  102  104  104  101   35237U
1284091 32170 99  204  413      C    C    C615  553  765  737  677  638   35237U
1184091 32270578  473  333  239      C169  167  158  161  160  158  158   35237U
1284091 32270153  275  496  689  714  763  822  773  731  685  613  532   35237U
1184091 32370408  314  185   87      C 91   40   34   32   14   30   24   35237U
1284091 32370 34  213  447  600      C640  669  667  630  582  521      C 35237U
1184091 32470383  280  157   80   38   39   37   58   90   97   54   66   35237U
1284091 32470 73  162  264  238  270  250  295  301  351  475  524  205   35237U
1184091 32570 34   85   38   37   34   22   28   35   33   40   47   57   35237U
1284091 32570 93      C331      C404  458  538  558  643  664  695  666   35237U
1184091 32670613  485  343  218  163  135  134  114  137  162  137  107   35237U
1284091 32670145  199  234      C    C261  265  286  336  395  420  414   35237U
1184091 32770401  341  263  203  175  171  155  167  173  174  130   95   35237U
1284091 32770113  210  285      C    C300  299  310  319  315  315  301   35237U
1184091 32870273  254  218  175  150  134  149  155  158  170  178  185   35237U
1284091 32870199  295  425  436  526  552  559      C    C497  421      C 35237U
1184091 32970319  261  165   96   60   36   26   24   27   23   17   13   35237U
1284091 32970 24  146  250  395      C515  558  570  546  519  483  459   35237U
1184091 33070423  377  273  201  153  129  115   96  111  117  129  129   35237U
1284091 33070119  221  368  519  643  695  751  794  778  759  693      C 35237U
1184091 33170492  398  276  199  154  137  136  134  124  112   99   96   35237U
1284091 33170119  249  379  460  530  612  663  661  615  572  519  459   35237U
2184091 34070545  436  304  218  151  166  136  134  137  132  129  123
2284091 34070119  209  380  552  668  706  744  771  761  738  683  634
2184091 35070 31   30   31   31    8   31   31   31   31   31   31   31
2284091 35070 31   30   31   25   26   25   28   27   29   30   30   22
1184091 4 170400  358  281  233  215  208  210  191  162  141  128  139   35236U
1284091 4 170161  191  200  230  210  222  223  215  197  175  169  173   35236U
1184091 4 270171  141   94   66   41   35   36   40   33   34   35   35   35236U
1284091 4 270 66  146  218  266  326  380  414  429  387  342  306  276   35236U
1184091 4 370247  190  128  106   89   81   81   76   83   81   69   40   35236U
1284091 4 370280   50  741  675  724  605  437  405  228  180  286  450   35236U
1184091 4 470    C    C    C    C    C    C    C    C    C    C    C    C 35236U
1284091 4 470    C    C    C    C    C    C    C    C    C    C    C    C 35236U
1184091 4 570    C    C    C    C    C    C    C    C    C    C    C    C 35236U
1284091 4 570    C    C    C    C    C    C    C    C    C    C    C    C 35236U
1184091 4 670    C    C    C    C    C    C    C    C    C    C    C    C 35236U
1284091 4 670    C    C    C    C    C    C    C    C    C    C    C    C 35236U
1184091 4 770    C    C    C    C    C    C    C    C    C    C    C    C 35236U
1284091 4 770    C    C    C    C    C    C    C    C    C    C    C    C 35236U
1184091 4 870    C    C    C    C    C    C    C    C    C    C    C    C 35236U
1284091 4 870    C    C410  476  550  594  614  624   66  516  476  423   35236U
1184091 4 970359  306  217  135  105   85   85   87  109  117  116  111   35236U
1284091 4 970136  266  404  511  573  639  650  613  566      C    C    C 35236U
1184091 41070381      C    C133   93   81   77   80   85   88   80   83   35236U
1284091 41070137  340  522  601  677  658      C655  595  531  477  435   35236U
1184091 41170398  353  270  199  140  109   92   87   89   94   98   96   35236U
1284091 41170142  304  476  600  655  693  706  707  673  620  569  532   35236U
1184091 41270496  463  377  286  221  186  167  163  164  156  156  156   35236U
1284091 41270203  339  414  537  642  679  690  638  568      C441  399   35236U
1184091 41370357  317  245  172  128  111   90   85   87   94  105   92   35236U
1284091 41370147  324  466  591  644  695  678  651  592  525  485  440   35236U
1184091 41470387  345  263  195  153  122  105   95   98  104  100   98   35236U
1284091 41470162  355  505  580  639  652  664  615  568  521  448  429   35236U
1184091 41570379  317  247  178  151  123  117  111   94   96  103  101   35236U
1284091 41570157  327  480  587  656  664  661  618  576  537  477  426   35236U
1184091 41670378  335  262  200  165  136  124  119  114  111   98   85   35236U
1284091 41670150  350  509  619  660  687  661  652  623  565  515  458   35236U
1184091 41770401  346  264  205  172  157  130  134  149  150  137  119   35236U
1284091 41770197  407  588  680  709      C687  625  562  528  468  393   35236U
1184091 41870341  288  216  154  114   99   87   86   78   78   83   99   35236U
1284091 41870176  311  458  582  619  672  670      C    C574  526  470   35236U
1184091 41970405  348  263  197  158  134  127  139  161  153  122  103   35236U
1284091 41970151  284  423  536  612  632  604  578  529  493  433  374   35236U
1184091 42070313  256  177  107   77   55   47   50   50   47   41   27   35236U
1284091 42070 74  229  372  477  519  555  565  566  532  494  440  391   35236U
1184091 42170349  295  209  118   72   44   39   42   43   44   41   31   35236U
1284091 42170101  229  338  381  462      C492  486  477  432  384  341   35236U
1184091 42270302  260  176   94   49   40   38   37   36   27   25   30   35236U
1284091 42270101  202  277  373  434  459  446  451  433  383  336  291   35236U
1184091 42370249  217  167  114   72   58   47   49   53   53   40   26   35236U
1284091 42370 68  184  260  316  376  442  536  538  540      C435  352   35236U
1184091 42470315  290  231  171  136  123  107   95   97   99  116  122   35236U
1284091 42470165  245  289  363  416      C465  467  439  396  348  322   35236U
1184091 42570293  264  220  148  120  118  125  123  139  119  100   77   35236U
1284091 42570 91  109   99   98  117  118  120  120  118  115  119  137   35236U
1184091 42670141  144      C 42   42   36   35   43   44   36   20   13   35236U
1284091 42670 42  105  176  248  292  302  310  318  348      C338  339   35236U
1184091 42770335  308  288  222  186  169  164  165  182  177  165  155   35236U
1284091 42770195  219  233  221  200  192  181  175  172  166  163  166   35236U
1184091 42870154  153  131  104   77   71   68   61   55   52   39   41   35236U
1284091 42870 94  159  186  202  210  211  221  221  217  210  211  202   35236U
1184091 42970190  208  210  221  201  172  169  133  112  112  100   97   35236U
1284091 42970 84  112  140  161  173  210  209  195  197  200  202  205   35236U
1184091 43070207  202  157  130  126  136  149  157  162  156  110   82   35236U
1284091 43070145  233  280  293  292  299  308  289  265  267  262  222   35236U
2184091 44070341  292  220  154  126  111   92   87   94   96  100   92
2284091 44070145  233  388  476  534  594  536  538  477  462  433  374
2184091 45070 25   24   23   25   25   25   25   25   25   25   25   25
2284091 45070 25   25   26   26   26   23   25   25   25   22   25   25
1184091 5 170214      C195  172  159  145  130  131  128  115  111  112   35236U
1284091 5 170175  285  408  439  464  516  514  544  518  476  437  421   35236U
1184091 5 270383  379  343  283  257  253  249  218  201  176  149  137   35236U
1284091 5 270158  176  162  178  186  216  223  235  249  223  225      C 35236U
1184091 5 370220  207  173  128   97   94   92   98   99   90   74   71   35236U
1284091 5 370142  238  315  358  418  430  443  484  483  439  430  387   35236U
1184091 5 470348  304  255  203      C    C    C    C    C    C    C    C 35236U
1284091 5 470    C    C    C    C    C    C    C    C    C    C    C    C 35236U
1184091 5 570    C    C    C    C    C    C    C    C    C    C    C    C 35236U
1284091 5 570    C    C    C    C    C    C    C207  205  203  196  190   35236U
1184091 5 670178  188  171  125   84   72   64   61   65   73   67   45   35236U
1284091 5 670 77  160  220  288  315  327  349  337  310  295  264      C 35236U
1184091 5 770227  218  195  150  113   84   77   71   70   76   81   74   35236U
1284091 5 770155  273  335  360  376  388      C    C    C    C351  332   35236U
1184091 5 870307  302  265  220  197  173  165  155  153  165  168  158   35236U
1284091 5 870203  289  365  422  469  494  480  491  452  405  270  245   35236U
1184091 5 970231  221      C129   93   79   76   79   72   62   49   51   35236U
1284091 5 970151  281  377  452  482  483  479  471  443  439  415  353   35236U
1184091 51070302  269  219  165  132  119  114  110  102   99   86   73   35236U
1284091 51070137  242  337  420  463      C440  432  435  390  347  307   35236U
1184091 51170338  307  266  205  161  138  129  118  112  103   91   86   35236U
1284091 51170155  246  341  387  405  428  434  412  386  354  339  305   35236U
1184091 51270284  260  234  190  156      C169  170  180  127  157  142   35236U
1284091 51270228  380      C    C527  527  529  524  488  444  398  351   35236U
1184091 51370303  269  229  169  129  111  105  118  136  138      C    C 35236U
1284091 51370    C142  130  142  126  118  122  116  294  271  253  238   35236U
1184091 51470221  218  216  213  210  178  164  164  156  158  180  160   35236U
1284091 51470233  331  467  524  485  376  327  290  250  214      C175   35236U
1184091 51570167  159  132  117   83   68   65   68   62   60   61   72   35236U
1284091 51570146  242  328  387  434      C    C477  444      C396  358   35236U
1184091 51670329  305  264  215  185  163  157  150  152  139  125  119   35236U
1284091 51670187  276  321  347  344  359  365  376      C391  353  340   35236U
1184091 51770321  303  291  251  221  214  156  138  133  134  121  139   35236U
1284091 51770184  198  230  269  301  334  340  310      C236  218  214   35236U
1184091 51870217  204  165  123   89   86   77   72   61   45   28   31   35236U
1284091 51870115  209  288  293      C262  258  264  250  249  242  234   35236U
1184091 51970218  211  180  152  118  100   98   97   90   87   70   68   35236U
1284091 51970135  244  328  344  377  363  353  363  353  325  306  289   35236U
1184091 52070264  260  236  183  155  132  137  127  124  122   97   90   35236U
1284091 52070146  198      C239  258  263  278  293  273  257  251  250   35236U
1184091 52170250  241  211  165  150  133  118  121  108  105   96   97   35236U
1284091 52170143  211  250  293  325  323  342  344  336  320  310  292   35236U
1184091 52270276  268  246  203  179  173  177  180  162  146  133   82   35236U
1284091 52270 99  117  161  175  168  169  178  196  211  213  223  188   35236U
1184091 52370172  164  137  117  102   88   86   81   64   48   35   37   35236U
1284091 52370 71  107  116  134  171  200  211  203  217  220  251  265   35236U
1184091 52470282  255  223  164  123   90   99  109   92   87   79   64   35236U
1284091 52470 79  104  123  146  140  133  130  131  148  161  168  165   35236U
1184091 52570147  140  120  104  117  124  142  133  111   76   47   26   35236U
1284091 52570 62   99  136  143  134  125  134  131  131  155  138  131   35236U
1184091 52670125  126  124   94   73   62   60   55   50   42   37   50   35236U
1284091 52670 83  108  134  166  204  249  259  265  278  262  248  249   35236U
1184091 52770219      C193  142  144  155  148  148  135  115   99   85   35236U
1284091 52770117  136  158  152  158  164  167  166  170  178  188  196   35236U
1184091 52870186  189  187  157  152  136  154  120   63   41   27   31   35236U
1284091 52870 77  114  119  154  171  182  208  223  252  262  257  230   35236U
1184091 52970227  216  209  175  166  161  143  138  157  113   89   95   35236U
1284091 52970123  123  130  136  149  163  156  156  162  170  172  172   35236U
1184091 53070175  163      C120  102  105   94   82   61   49   42   52   35236U
1284091 53070 89  136  160  170  198  218  237  256  264  259  243  234   35236U
1184091 53170222  200  190  163  138  122  121  137  111   87   53   99   35236U
1284091 53170100  107  105  119  125  133  131  124  122  120  118  120   35236U
2184091 54070227  219  210  164  138  123  121  120  111   99   83   78
2284091 54070139  198  230  278  308  263  278  290  273  260  253  247
2184091 55070 30   28   28   30   29   28   29   29   29   29   28   28
2284091 55070 28   29   27   28   28   27   27   29   27   28   29   28
1184091 6 170115  110  107   85   60      C    C 55   55      C    C 55   35236U
1284091 6 170    C 34   55   55      C 33      C 34      C 34   34      C 35236U
1184091 6 270    C 34      C    C 34      C 55      C    C    C    C 55   35236U
1284091 6 270    C 34      C    C    C 34      C    C    C    C 34      C 35236U
1184091 6 370 34   55   34   34      C 34      C 55   55   55   55      C 35236U
1284091 6 370 34      C    C    C 52      C177  171  170  167  165  139   35236U
1184091 6 470132  119  118   55   16   50   40   22   19   13   11   18   35236U
1284091 6 470109  214  290  321  394  453  528  569  538  438  398  300   35236U
1184091 6 570246  264  254  255  230  159  135   76   97   64   45   36   35236U
1284091 6 570 50   71   71   75   65   74   60   49   73   78   81   88   35236U
1184091 6 670108  122  129   85   62   30   29   22   12   33   24   50   35236U
1284091 6 670 93  118  126  160  183      C220  224  224  221  230  234   35236U
1184091 6 770238  260      C207  185  169  175  181  183  183  177  168   35236U
1284091 6 770189  219  254  291  292      C313  296  302  970  299  302   35236U
1184091 6 870299  305  297  253  201  178  165  159  147  134  114  112   35236U
1284091 6 870150  192  226  291  333      C384  391  336  300  265  256   35236U
1184091 6 970262  299  369  421  435  364  298  251  227  159  107  109   35236U
1284091 6 970141  151  172  171  164  164  172  179  175  172  165      C 35236U
1184091 61070163  159  151  133  132  116  111   91   71   52   56   49   35236U
1284091 61070 75   88  108  113  126  141  163  149      C    C    C125   35236U
1184091 61170158  209  247  285  222  183  147   96   52   41   37   49   35236U
1284091 61170 79  125      C264  272  336  372  396      C484  481  445   35236U
1184091 61270396  346  330  289  270  262  275  292  245  266  195  147   35236U
1284091 61270139  134  152  165      C149  163  171      C157  137  114   35236U
1184091 61370118  122  125  117  118  109   86   69   43   24   24   46   35236U
1284091 61370 69  107   90  110  123  124  156  172  169  182  156  140   35236U
1184091 61470133  123  112  101      C 85   75   63   54   35      C 54   35236U
1284091 61470100  123      C169  192  215  218  234  226  223  219  218   35236U
1184091 61570218  218  212  185  170  152  150  133  134  131  116  112   35236U
1284091 61570165  201  227  291  302  300  309  333  310  303  287  267   35236U
1184091 61670266  262  254  205  170  151  146  141  134  130  118  123   35236U
1284091 61670191  259  312  360  391  378  359  386  356  335  309  302   35236U
1184091 61770304  296      C249  213  199  194  186  187  171  148  149   35236U
1284091 61770191  250  290  312  268  237  194  169  162      C    C192   35236U
1184091 61870188  177  162  131  108      C 98  104   92   76   73   85   35236U
1284091 61870127  159      C220  238  247  247  244  237  243  225  223   35236U
1184091 61970    C249      C190  138  134  126  129  136  109   90   96   35236U
1284091 61970116  135      C    C164  170  187  207  202  198  183      C 35236U
1184091 62070175  190  172  148  130  115  102  104   80   74   68   73   35236U
1284091 62070115  157  173  176  180  182  198  209  231  247      C236   35236U
1184091 62170247  259  262  223  211  180  143  131  125  118  103   82   35236U
1284091 62170112  144  174  182  197  207  217  210      C117      C117   35236U
1184091 62270120  119  119  110      C 53   46   41   25   20   98   46   35236U
1284091 62270 81  109  125  126  127      C139  137      C122  127  152   35236U
1184091 62370    C167  171  133  103   77   68   66   60   39   22   23   35236U
1284091 62370 67   84  106   91  100  124  135  153  147  164  176  188   35236U
1184091 62470224  206  178  124  111  110   95   91   94   84   53   52   35236U
1284091 62470 86  108   95      C102   96  101  109  114  108  112  111   35236U
1184091 62570114  117  109  105   81   71   64   59   36   24   17   18   35236U
1284091 62570 63   96  125  159  168  170  188  201  199  199      C206   35236U
1184091 62670208  232  210  180  141   94   79   76   81   65      C    C 35236U
1284091 62670    C    C    C    C    C    C    C    C    C 78   73   79   35236U
1184091 62770 71   64   62   35   75   23   30   20   32   37   27   41   35236U
1284091 62770108  166  197  193  164      C176  193  203  194  200  195   35236U
1184091 62870199  213  198  166  143  130      C113  115   96   72   70   35236U
1284091 62870105  125      C    C173  178  197  198  189  182  174  170   35236U
1184091 62970170  171  164  132      C 81   81      C 69   70   61   66   35236U
1284091 62970    C156      C160  158      C167  177  190  191  203  204   35236U
1184091 63070197  195  169  142  132  124  124  116  113   77   58   44   35236U
1284091 63070 78   94  119  127  137  136      C137  143  151  162  151   35236U
2184091 64070188  192  170  142  135  116  102   93   81   72   64   55
2284091 64070106  129  152  170  170  170  191  195  200  191  176  193
2184091 65070 27   30   26   29   26   27   27   28   29   28   26   28
2284091 65070 26   28   21   24   26   22   26   28   22   27   25   26
1184091 7 170133  125  106   68   67   57   51   50   36   57      C 42   35237U
1284091 7 170 88  129  164  178  201      C244  266  274  252  254  253   35237U
1184091 7 270250  251  239  196  166  146  134  125  132  120  120  124   35237U
1284091 7 270120  143  178  214  253  259      C255  242  213  204  203   35237U
1184091 7 370210  209  193  179  152      C117  114  105  106      C 87   35237U
1284091 7 370131  153  146  146  145  145  153  150  152  163  167      C 35237U
1184091 7 470166  177  163  138  124  108   89   82   74   64   58   70   35237U
1284091 7 470121  189  274  338  347  329      C325  295  267  253  261   35237U
1184091 7 570266  282  262  220  188  160  157  144  117   89   68   73   35237U
1284091 7 570129  211  288      C343      C330  291  283  256  253  248   35237U
1184091 7 670249  254  253  222  201  188  169  154  138      C 72   82   35237U
1284091 7 670161  262  353  381  372  334  336  327  322  318  310  299   35237U
1184091 7 770282  265  251  218  191      C160  180  151   97   62   69   35237U
1284091 7 770155  262  359  388      C327  286      C250  223  208  204   35237U
1184091 7 870206  200  176  150  136  123  113   98   81   62   51   59   35237U
1284091 7 870 82  114  149  171  174  167  182  248  257  213  168  123   35237U
1184091 7 970    C104  109  104   95   86   71   73   49   41   23   55   35237U
1284091 7 970 68   84   84   89   90  104  113  121  126  127  131  144   35237U
1184091 71070    C144  130  117  111  108  108   96   83   61   48   49   35237U
1284091 71070 85  116  156  164  165  172  170  171  183  192  191  187   35237U
1184091 71170191  200  196  177      C    C    C    C    C    C    C    C 35237U
1284091 71170    C    C    C    C    C    C    C    C    C    C    C    C 35237U
1184091 71270    C    C    C    C    C    C    C    C    C    C    C    C 35237U
1284091 71270    C    C    C    C    C212  219  241  242  210      C202   35237U
1184091 71370    C    C233  219  205  190  158  158  137  108   50   42   35237U
1284091 71370 61   55   69   76   76      C 95  107  108  109  130  140   35237U
1184091 71470136  183  164  119   88   71   65   68   66   53   40   32   35237U
1284091 71470 50   81   90   89  107  117  121  129  151  154  159      C 35237U
1184091 71570    C156  150  133  103   91   92  109   82   70   56   46   35237U
1284091 71570 71   87  108  121  123  125  128  130      C152  154  156   35237U
1184091 71670159  156  140  129  107   77      C 66   70   50   39   38   35237U
1284091 71670 80  132  172  200  207  227  277  314  337  332  290  252   35237U
1184091 71770    C217  212  187  173  179  167  143  133  112   81   74   35237U
1284091 71770 82   91  107  123  130  141  155  162      C189  206      C 35237U
1184091 71870215  238  209  135  114  109  104   96   88   70   56   43   35237U
1284091 71870 67   84   96  108  110  117  128  149  165  173  195  171   35237U
1184091 71970166  172  141  109  102   90   90   86   78   65   58   42   35237U
1284091 71970 67   91  120  152  173  199  212  239  280  310  334      C 35237U
1184091 72070272  261  190  146  101   80   71   70   68   46   35   40   35237U
1284091 72070 63   83   88  115  130  156  166  170  178  167  163  172   35237U
1184091 72170172  177  170  155  145  134  129      C100   74   44   38   35237U
1284091 72170 79  122  165  173  174  169  163  185  208  233  251  256   35237U
1184091 72270253  249  243  210  181  145  138  125  126  119   92   70   35237U
1284091 72270 96  132  170      C220  246  250  246  239  233  236  238   35237U
1184091 72370242  245  221  187  143  114   99   87   81   72   65   55   35237U
1284091 72370 83  130  170  197  214  218  259  298  321  297  286  257   35237U
1184091 72470256  252  230  192  161  144  127  108   99   92   85   84   35237U
1284091 72470130  190  245  298  327  358  373  384  388  377  356  338   35237U
1184091 72570    C361  324  251  220  191  165  148  139  119  119  117   35237U
1284091 72570161  232  279  331  327      C349  338  339  325  296  287   35237U
1184091 72670286  281      C208  183  152  144  121  117  116  103   93   35237U
1284091 72670122  167  204  230  242  250  251  254  256      C    C    C 35237U
1184091 72770    C    C    C    C    C    C    C    C    C    C    C    C 35237U
1284091 72770    C    C    C    C    C    C    C    C    C    C    C    C 35237U
1184091 72870    C    C    C    C    C    C    C    C    C    C    C    C 35237U
1284091 72870    C    C    C    C    C    C    C    C    C    C    C    C 35237U
1184091 72970    C    C    C    C    C    C    C    C    C    C    C    C 35237U
1284091 72970    C    C    C    C    C    C    C    C    C    C    C    C 35237U
1184091 73070    C    C    C    C    C    C    C    C    C    C    C    C 35237U
1284091 73070    C    C    C261      C288  307  335  346  339      C323   35237U
1184091 73170    C308  281  248  235  218  210  190  167  155  148  141   35237U
1284091 73170182  246  287  323  336  345  345  357  347  347  349  347   35237U
2184091 74070215  217  196  178  145  123  122  108   99   73   58   59
2284091 74070 85  130  165  175  187  212  219  247  256  228  222  243
2184091 75070 19   25   25   26   25   23   24   24   25   24   23   25
2284091 75070 25   25   25   24   24   23   25   26   25   26   24   22
1184091 8 170342  353  323  280  268  231  205  189  182  173      C138   35237U
1284091 8 170159  196  212  234  278  297  291  326  331  303  293  287   35237U
1184091 8 270292  276  238  221  195  153  139  135  123  126  112  109   35237U
1284091 8 270114  129      C163  177  201  217  223  240  235  250  274   35237U
1184091 8 370290  281  266  239  217  186  156  146  129  117  102   87   35237U
1284091 8 370119  144  158  176  220  257  291  300  305  331  331      C 35237U
1184091 8 470370  354  345  310  275  271  239  231  259  220      C185   35237U
1284091 8 470158  158      C165  167  177  177  176  191  194  193  198   35237U
1184091 8 570197  196  172  146  136  134  137  135  126  121  107   98   35237U
1284091 8 570127  181  247  301  318  309  339  377  377  385  381  368   35237U
1184091 8 670373  389  356  322      C266  245  235  185  173      C107   35237U
1284091 8 670123  142  129  135  134  152  163  169  172  175  186  186   35237U
1184091 8 770186  187  166  148      C129  121  114  102   87   81   79   35237U
1284091 8 770112  166  214  279  324      C323  323  310  301  309  316   35237U
1184091 8 870318  305  270  218      C175  154  135  115  116  108  101   35237U
1284091 8 870122  152  169  190  211  250  284  301  311  290  276  285   35237U
1184091 8 970298      C262  199      C146  139  135  122  113   91   84   35237U
1284091 8 970109  142  165  203      C251  274  287  293  279  279  271   35237U
1184091 81070270  244  212  169      C149  137  111  104  101      C 94   35237U
1284091 81070115  129  143  140  158  167  181  206  212  212  220  237   35237U
1184091 81170239  239      C196      C153  147  138  124  123  115  104   35237U
1284091 81170125  171  259  340  351  340  369  338  296  262  257  253   35237U
1184091 81270254  246  215  183      C127  117  111  111  110   94   88   35237U
1284091 81270108  127  152  167  166  167  190  181  201  209  234  235   35237U
1184091 81370221  238  182  152      C112  102   88   79   72   60   59   35237U
1284091 81370 87  151  192  212  245  257  267  297  311  303  308  296   35237U
1184091 81470    C    C241  193      C192  185  175      C151  144      C 35237U
1284091 81470160      C240  257  258  282  301  339  363  373  347  357   35237U
1184091 81570357  338  283  274      C217  192  190  192  175      C146   35237U
1284091 81570162  201  214  214  228  242  246  254  268  281  284  291   35237U
1184091 81670286  287  255  234      C185  184  182  155  146  133  126   35237U
1284091 81670158  209  253  274  320  366  389  412  450  454  415  397   35237U
1184091 81770389  339  293  265      C258  235  234  225  212  195      C 35237U
1284091 81770212  283  314  335  340  375  420  469  493  478  458  432   35237U
1184091 81870423  430  403  360      C305  272  238  220  216  203  196   35237U
1284091 81870214  272  317  339  348  374  394  431  459  480      C542   35237U
1184091 81970538  455  394  371      C370  335      C179  159  150  154   35237U
1284091 81970163  201  236  264  332  375  394      C426  424  423  412   35237U
1184091 82070406  401  372      C    C346      C325  310  285  255  216   35237U
1284091 82070249  292  330  353  382  416  460  468      C530  517  508   35237U
1184091 82170496  471  447  427      C400  379  354  313  308  298  282   35237U
1284091 82170303  381  461  540  576  598  411  411  386  379  410  419   35237U
1184091 82270417  393  323  236      C251  230  207  194  177  142      C 35237U
1284091 82270 84  122  171  233  258  297      C322  335  352  374  374   35237U
1184091 82370375  366  308  252      C247  223  223  209  184  158  120   35237U
1284091 82370137      C207  230  243  267  316  335  343  352  354  353   35237U
1184091 82470356  329  283  243      C247  237  225      C196  179  164   35237U
1284091 82470    C251  303  345  390  424  452  467  459  439  443  451   35237U
1184091 82570451  445  384  339      C321  295  273  259  245  229  220   35237U
1284091 82570235      C339  382  432  475  509  546  547  544  538  520   35237U
1184091 82670521      C447  396      C353  331  320  306  294  275  256   35237U
1284091 82670267  348      C462  468      C464  506      C594  606  596   35237U
1184091 82770573  502  441  398      C345  323  315  299  298  290  282   35237U
1284091 82770300  368  394  411  419  431  492  534  551  542  483  496   35237U
1184091 82870453  419      C357      C342  314  301  291  282  281  277   35237U
1284091 82870305  432  581  213  257  261  295  289  256      C163      C 35237U
1184091 82970135  104      C 17      C 14   41   33   75   65   50   39   35237U
1284091 82970 56  115  201  243      C327  351  372  382  386  488  495   35237U
1184091 83070    C434  353  312      C275  253  244  231  231  218  207   35237U
1284091 83070201  227  268  262      C    C337  351  390  455  477  461   35237U
1184091 83170412      C277      C    C221  202  195  192  185  173  169   35237U
1284091 83170193  233  260  321  345  336      C331  325  327  336  334   35237U
2184091 84070357  339  288  243  217  231  203  192  185  173  147  132
2284091 84070158  188  238  257  298  297  323  333  331  352  341  357
2184091 85070 29   27   28   29    5   31   30   30   29   31   26   28
2284091 85070 30   28   28   31   28   28   29   30   29   30   30   29
1184091 9 170348  339  288  255  247  221  218  213  207  201  195  181   35237U
1284091 9 170193  236  258  295  342  410  447  470  472  478  540  539   35237U
1184091 9 270511  456  371  315      C291  275  259  248  243  233  231   35237U
1284091 9 270    C291  343      C513  569  625  632  600  583  563  565   35237U
1184091 9 370550  485  390  327      C325  311  301  297  291  283  270   35237U
1284091 9 370289  356  423  470  519  562  582  634  626  604  601  631   35237U
1184091 9 470612  569  466  401      C349  337  336  336      C331  325   35237U
1284091 9 470338  373  415  459  515      C630  667  678  683  673  665   35237U
1184091 9 570612  564  477  418      C413  416  411  384  382  373  352   35237U
1284091 9 570360  394  448  505  528  559  577  596  590  587  585  578   35237U
1184091 9 670588  569  483  435      C395  375  368  350  339  340  335   35237U
1284091 9 670353  445  522  583      C686  685  721  729  711  675  645   35237U
1184091 9 770634  600  534  473      C419  396  380  363  359  352   84   35237U
1284091 9 770100  187      C307  366  380  375  406      C    C    C    C 35237U
1184091 9 870    C    C    C    C    C    C    C    C    C    C    C    C 35237U
1284091 9 870    C    C    C    C    C    C    C    C    C    C    C    C 35237U
1184091 9 970    C    C    C    C    C    C    C    C    C    C    C    C 35237U
1284091 9 970    C    C    C    C437      C249  263  285  276  291  286   35237U
1184091 91070291  253  199  194      C147  138  132  124  114   92   73   35237U
1284091 91070 69  107  132  150  163  188  209  240      C250  259  257   35237U
1184091 91170246  195  125  107      C124  112  103   90   86   81   71   35237U
1284091 91170 72  127  159  187  206  234  266  311  347  380  409  408   35237U
1184091 91270383  331      C    C    C    C    C    C    C    C    C    C 35237U
1284091 91270    C    C    C    C205      C284  306  338  349  373      C 35237U
1184091 91370347  259  155  104      C101   79   65   56   39   31   25   35237U
1284091 91370 31   98  171  240  293  334  371  423  458  476  473  460   35237U
1184091 91470451  348  236  179      C136      C112  109   91   84   83   35237U
1284091 91470102  173  267  350  387  469  505  585  579  553  519  507   35237U
1184091 91570478      C269  195      C187  174  152  135  118  101   87   35237U
1284091 91570 94  173  248  329  390  470  552  601  645  645  628  584   35237U
1184091 91670513  405  297  233      C217  193      C173  166  166  157   35237U
1284091 91670158      C    C436      C539  582  600  636  649  660  628   35237U
1184091 91770559  473  344  292      C253  239  231  225  213  208      C 35237U
1284091 91770205  262  316  345  381  413  454  496  514  519  520  517   35237U
1184091 91870491      C331  280      C261  243  236  232  223  215  211   35237U
1284091 91870218  305  418  488  544  598  643  671      C688  685  692   35237U
1184091 91970651  580  443  369      C328  320  311  303      C    C    C 35237U
1284091 91970    C    C    C334  388      C499  509  516  511  509      C 35237U
1184091 92070448      C248  192      C130  122  117  115  111   85   74   35237U
1284091 92070 70  159  296  375  401  438  469  496  510  521  515  492   35237U
1184091 92170440  357  275  225      C153  140  130  125  121  113   98   35237U
1284091 92170 90  165  249  300  369  418  458  487  508  515  518  503   35237U
1184091 92270459  357  263  217      C188  168  156  149  139  129  119   35237U
1284091 92270111  199  288  359      C    C537  554  582  580  577  561   35237U
1184091 92370531  428  332  271      C196  168  148  132  129  135  136   35237U
1284091 92370137  221  336  419  462  507  547  579  613  639  648  651   35237U
1184091 92470596  492  363  271      C197  185  173  159  141  120  109   35237U
1284091 92470112  202  328  411  495  560  626  669  706  715  711  629   35237U
1184091 92570552  429  328  282      C244  231  210  208  205  196  176   35237U
1284091 92570172  202  147  212  317      C371  526  530  572  574  558   35237U
1184091 92670533      C    C 98   72   66   58   46   32   28   20   24   35237U
1284091 92670 31  113  239  329  464  548  557  621  600  579  563  498   35237U
1184091 92770408      C225  142  128  105   99  100   96   65   48   78   35237U
1284091 92770 85  128  187  239  301  412  470  520  527  473  406  338   35237U
1184091 92870289  228  152  112  103   95   83   78   71   64   48   35   35237U
1284091 92870 25   87  144  244  366  457  511  558  615  627  639  605   35237U
1184091 92970499  401  251  186  134  103   79   66   55   43   38      C 35237U
1284091 92970    C108  217  315  434  500  518  566  609  615  621  605   35237U
1184091 93070510  430  270      C165      C114  109  110   94   94   85   35237U
1284091 93070 95  154  238  285  313  419  475  555  565  585  580      C 35237U
2184091 94070504  428  292  244  131  196  179  154  149  129  124  103
2284091 94070106  187  262  331  387  469  505  555  580  579  568  561
2184091 95070 28   23   26   26    6   26   26   26   27   25   26   24
2284091 95070 24   25   24   26   26   23   29   29   26   28   28   25
118409110 170490  386  247  167  130  110  108      C 86   72   52   45   35238U
128409110 170 59  121  222  334  423  492  566      C761  817  831  853   35238U
118409110 270687  455  324  243  210  169  169  152  131  137   42   41   35238U
128409110 270 77  176  282  323  384  516  568  563  550  497  452  453   35238U
118409110 370410  309  216  170  136  109  102  109  110  100   85   82   35238U
128409110 370 86  152  240  302  397      C546  570  591  591  608  592   35238U
118409110 470505  350  243  179      C127  124  124      C105   90   84   35238U
128409110 470 87  133  223  323  399      C498  507  514  557      C583   35238U
118409110 570546  381  239  188  152      C129  117   99   86   83   78   35238U
128409110 570 78  141  241  328  382      C    C    C    C    C421  406   35238U
118409110 670337  206   99   57   26   12   41   37   30   29   25   22   35238U
128409110 670 25   73  178  249  345  461  543  623  711  661  623      C 35238U
118409110 770449  363  270  227      C193  165  122  109   88   83   78   35238U
128409110 770 69  104      C249  363  467  516  548  550  520  520  461   35238U
118409110 870362      C115   71   56   46   40   38      C    C    C    C 35238U
128409110 870    C    C    C    C    C    C151  223  223  246      C157   35238U
118409110 970 99   34      C    C    C    C    C    C    C    C    C    C 35238U
128409110 970    C    C    C    C    C116  163  216  263  291  294  296   35238U
1184091101070    C 57      C 42   26   13   43   56   42   41   33   16   35238U
1284091101070 24   47  128  130  173  173      C    C    C183  188  188   35238U
1184091101170186  181  185  188  189  186  180      C    C188  188  187   35238U
1284091101170187  186  187  186      C183  188  187  183  188  187  188   35238U
1184091101270187  183      C184  186      C189  187      C    C188  188   35238U
1284091101270188  189  188  188  184  185  231  230  227  230  231  230   35238U
1184091101370229  230      C225  232  231  225      C231  231      C231   35238U
1284091101370228  231  228      C    C    C361  355  355  355  360  360   35238U
1184091101470357  358  361  356  361  361  358      C    C    C    C361   35238U
1284091101470361      C    C    C    C    C401  447  446  444  441  444   35238U
1184091101570447  441  446  446  440  444  447  442      C    C    C    C 35238U
1284091101570    C    C    C489  528  530  533  528  530  526  533  531   35238U
1184091101670533  527  526  533  532  533  526      C    C    C532  531   35238U
1284091101670531  531  532  532  531  531  531  531  531  531  529  530   35238U
1184091101770529  532  532  528  527  533  530  523      C533  533  533   35238U
1284091101770532  533  531      C    C533  528  532  531  531  528  532   35238U
1184091101870532  529  533      C533  527  534      C    C    C    C    C 35238U
1284091101870    C    C    C619  617  615      C616  619  613  619  617   35238U
1184091101970618  616  618  620      C614      C    C620  617  603      C 35238U
1284091101970578      C750      C793  793  792  792  791  790  786  791   35238U
1184091102070785  792      C790  787  789      C750  749  749  749  747   35238U
1284091102070749  750      C878      C917  920  916  916  920  919      C 35238U
1184091102170911  920  921  920  920      C    C    C    C922  921      C 35238U
1284091102170    C    C    C    C    C357  359  354  359  356  356  360   35238U
1184091102270356  360  360  360  362  361  361  358  384      C    C360   35238U
1284091102270357  361  361      C    C358  360  355  355  359  360  358   35238U
1184091102370361      C265  274      C275      C276  276  275  274  274   35238U
1284091102370276      C361      C448  490      C523  534  534  526  534   35238U
1184091102470531      C533      C492  489  489  476  471  471  472      C 35238U
1284091102470448  446  535  703  865      C    C997      C    C997   40   35238U
1184091102570 40      C996  994  965      C922  911  905      C    C860   35238U
1284091102570    C907   50  170  180  180  170  170  170  180  170  180   35238U
1184091102670130  130   30  990  967  951      C    C925  920      C880   35238U
1284091102670878  879      C    C    C961  965  964      C    C    C    C 35238U
1184091102770    C997  965  924  881  881      C    C873  877  860  859   35238U
1284091102770862      C    C    C130  260  350  340  340  340  340  350   35238U
1184091102870350  350      C250  210      C200  200  180  170  130  130   35238U
1284091102870130  130  160      C180  240      C290  310      C    C470   35238U
1184091102970    C    C220  190  190      C170  190  180  190  180      C 35238U
1284091102970    C    C    C480  824  578  663      C663  663  660  657   35238U
1184091103070620  605      C574  535      C535  531  527  520      C    C 35238U
1284091103070    C    C    C705  707  703  740  747  741  748  746  741   35238U
1184091103170747  744  750  747  705  707      C    C    C    C    C661   35238U
1284091103170661  664      C    C922  530  529  527  530  531  527  530   35238U
2184091104070448  372  342  262  361  361  189  190  231  190  184  209
2284091104070228  187  234  325  399  491  528  527  530  526  526  457
2184091105070 28   26   24   28   26   23   23   19   19   21   20   22
2284091105070 23   20   18   18   21   24   25   27   27   27   27   28
118409111 170528  531  531  530  527  531  526  525  528  527  529  527   35238U
128409111 170528  528  529  529  526  531  531  529  531  531  526  531   35238U
118409111 270529  529  530  532  524  525  529  526  530  526  528  530   35238U
128409111 270530  531  528  531  525  531  531  527  527  531  526  531   35238U
118409111 370531  527  529  529  526  530  531  530  527  526  525  525   35238U
128409111 370526  529  531  528  531  531  527  531  527  531  526  528   35238U
118409111 470531  531  531  532  531  527  529  529  528  529  487  488   35238U
128409111 470487  482  487  483  484  486  488  483  487  488  488  488   35238U
118409111 570487  488  487  486  488  488  487  481  487  485  482  483   35238U
128409111 570484  486  481  486  481  484  484  487  489  488  486  486   35238U
118409111 670567  568  575  576  568      C    C575  575  573  565  575   35238U
128409111 670573  565  564  310  502      C649  688  696  709      C    C 35238U
118409111 770473  320  228  164  124   98   80   80   79   76   72   57   35238U
128409111 770 47   72  195  346  472  571  655  709  709  694      C601   35238U
118409111 870480  321      C138   89   85   76   72   68   62   67   67   35238U
128409111 870 61   85  191  311  519  684  653  788  912  995  992      C 35238U
118409111 970793      C    C678  687  682  676  675  680  676  679  683   35238U
128409111 970682  718  854   10  170  210  340  370  400  390  350  230   35238U
1184091111070 90  960  844  783  756  732  720  717  708  690  682  680   35238U
1284091111070687  719  805  924   20  120  210  260  340  310  240      C 35238U
1184091111170    C    C822  753  728  714  701  692  687  685  681  678   35238U
1284091111170672  691  801  924   50  140  210  300  350  350  330      C 35238U
1184091111270    C 10  905  818  768  742  731  722  718  718      C697   35238U
1284091111270680  695  809  927   40  130      C160  180  210  160   90   35238U
1184091111370    C835  744  681  657  659  635  631  631  632  635  639   35238U
1284091111370641  653  744  462  426  563      C689  708  689  665  627   35238U
1184091111470    C366  273  197  156  127  123  116  114  113  114  113   35238U
1284091111470110  123  235  337  468  564  607  674  715  701  655  559   35238U
1184091111570448  323  262  200  150  126  113  113  115  116  117  103   35238U
1284091111570 89  116  217  284  397  501  611  643      C701  663  614   35238U
1184091111670457  276      C128   97   75   65   61   63   65   70   68   35238U
1284091111670 68   79  168  300  368  490  593      C670  709  687      C 35238U
1184091111770576  449  275  192  117   85   77   75   67      C    C 80   35238U
1284091111770 79   93      C342  500  580      C628  606  581  534  483   35238U
1184091111870364  260  175  131  115  102   86   86   88   85   84   80   35238U
1284091111870 72   71  159  266  434  541  564  570  616      C    C    C 35238U
1184091111970320  221  146  110   88   82   82   80      C 73      C    C 35238U
1284091111970 72   74  150  281  440  653  747  815  839  787  657      C 35238U
1184091112070    C    C    C 91   65   47   34   31   31      C    C    C 35238U
1284091112070 33   45  128  225  300  376      C527  605      C618  511   35238U
1184091112170361  221  149   91   66   59   45   44   39   35   33   27   35238U
1284091112170 15   35  124  227  321  459      C    C800  819  691  572   35238U
1184091112270388  265  181  140   53   40   75   77   61   13   45   56   35238U
1284091112270 65   72  175      C411  540  640  625  648  575  516      C 35238U
1184091112370314  194  113      C 76   72   73   70   65   58   54   54   35238U
1284091112370 49   72  153  213  283      C    C    C    C494  474  406   35238U
1184091112470    C146   84   63   61   59   60   62   60   59   62   67   35238U
1284091112470 64   71  139  247  359      C    C515  522  482  450      C 35238U
1184091112570275  179      C 83   65   60   58   57   58   61   63   64   35238U
1284091112570 60   68  149  231  325  378      C518      C473  438  370   35238U
1184091112670237  183  131   94   78   76   72   72   75   76   79   76   35238U
1284091112670 76   81  148      C295  368  449  493  475  475  398  315   35238U
1184091112770218  137   98   75   69   68   68   66   69   70   72   76   35238U
1284091112770 72   74  138  223  313  388      C488      C490  449  347   35238U
1184091112870263  175  115      C 77   74   72   70   73   75   78   81   35238U
1284091112870 81   86  159  273  356  416  498  528  500      C458  455   35238U
1184091112970414  313  241  194      C    C164  163  162  164  163  165   35238U
1284091112970    C196      C330  443  542  626  629  574  495  411  369   35238U
1184091113070320  273      C    C138  117  113  114  114  117  117  116   35238U
1284091113070112  116      C    C    C    C527      C    C    C    C365   35238U
2184091114070431  313  267  194  124  100   86   99  114  114  115  108
2284091114070 81  104  195  311  411  495  531  528  574  531  502  486
2184091115070 24   27   24   27   29   28   29   30   29   28   26   28
2284091115070 29   30   27   27   29   26   21   26   25   26   26   21
118409112 170241  182  109   64      C 27   24   23      C 28      C    C 35238U
128409112 170    C    C    C204  290  369  460  514  532      C482      C 35238U
118409112 270279  157  110   62      C    C    C    C    C    C    C    C 35238U
128409112 270 41   52  121  245  371  461  589  620  656  615  560      C 35238U
118409112 370    C216  140   92   65   48   41   36      C    C 33      C 35238U
128409112 370 43   55  150  241  316  472  535  564  569  576  525      C 35238U
118409112 470298  222  155  122  105   92   87   87   88   89   85   81   35238U
128409112 470 81   92  174  286  364      C    C572      C575  527  450   35238U
118409112 570327  219  149  108   81   76   75   77   78   80   80   80   35238U
128409112 570 79   85  150  232  302  386  449  524  536  505  472  385   35238U
118409112 670262  183  118   82   71   66   64   64   63   64   67   69   35238U
128409112 670 71   78  153  244  327  392      C511  489  484      C365   35238U
118409112 770255  187  108   77   63   60   61   63   64   68   70   70   35238U
128409112 770 68   73  150  241  320  405  483  524  514      C477  407   35238U
118409112 870305  211  127   85   76   72   71   72   75   80   83   84   35238U
128409112 870 83   91  159  271  360  499      C    C584      C491      C 35238U
118409112 970324  214  151  108   80   77   73   73   73   76   83   88   35238U
128409112 970 92  105  186      C    C    C    C    C    C    C567  497   35238U
1184091121070    C309  207  164  156  137  127  112   96   97   94   88   35238U
1284091121070 82   80  159  282  398  501  585  608  650      C608  517   35238U
1184091121170406  327  261  178  147  127  108   97   87   84   83   79   35238U
1284091121170 78   81  153  288  433  538      C616  646  617  558  521   35238U
1184091121270    C315  236  153  114   89   83   82   82   81   79   74   35238U
1284091121270 73   80  154  308  404  504  578      C659  615  534  448   35238U
1184091121370354  231  169  139  118   97   80   72   70   71   74   74   35238U
1284091121370 76   81  159  261  375  489      C628  622  583  526  478   35238U
1184091121470348      C160  112   87   81   79      C 78   83   87   87   35238U
1284091121470    C 85  172      C    C    C622  669      C584  497  447   35238U
1184091121570355      C178  128  101   85   81   79   83   85   88   86   35238U
1284091121570 82   90  156  254  373  489  540  607  572  515  472  361   35238U
1184091121670248  178  119   85   72   69   71   73   75   77   77   72   35238U
1284091121670 66   72  167      C411  527      C769  704  658  692  653   35238U
1184091121770490  352  234  171  142  143  138  138  119  110  108  100   35238U
1284091121770 90  100  176  288      C569  652  692  701  623      C    C 35238U
1184091121870356  239  164  128  104   89   79   78   81   79   81   81   35238U
1284091121870    C 81  153  257  356  474  557  615  599  520  534  429   35238U
1184091121970    C183  116   73   59   59   62  629   67      C 65   67   35238U
1284091121970 64   69  145  248  374  538      C713  732      C    C576   35238U
1184091122070436      C    C    C 87      C 72   69   70   72   75   78   35238U
1284091122070 79   88  159  281  385  498      C    C529  494  434  368   35238U
1184091122170    C157   97   64   51   49   57   57   57   45   40   41   35238U
1284091122170 45   53  113  223      C    C    C606  601  532      C390   35238U
1184091122270269  133   54   34   30   25   27      C 26   26   30   33   35238U
1284091122270 34   39   88  178  280  351      C493  472  456  453  356   35238U
1184091122370216  134   70   42   34   33      C    C 36   33   39   41   35238U
1284091122370 41   45  108      C315  441      C539      C526  471      C 35238U
1184091122470229  125   60   30      C 34      C 33   35   35      C 27   35238U
1284091122470 27   34   87  185  257  398  519      C495  471      C374   35238U
1184091122570244  143   85   34   21   22      C 23      C    C    C 29   35238U
1284091122570 29   29   88  190  286  403  470  476      C488  437      C 35238U
1184091122670236  125   87   45   33      C    C    C    C 35   34   34   35238U
1284091122670 33   39   92  171  284  399  487  441      C408  411  388   35238U
1184091122770301  226  168   95   69   69   62   56   57   64   66   66   35238U
1284091122770 52   64  139  266      C    C    C    C695      C611  532   35238U
1184091122870465  344  238  126      C 48   41      C 40      C    C 37   35238U
1284091122870 36      C101  259  411  537      C665      C700      C559   35238U
1184091122970412  264  132   81   55   46   44   46   45   43   42   41   35238U
1284091122970 41   43  106  235  362  451  496  528      C573  569  543   35238U
1184091123070440  281  159   99   79      C    C 64   46   35      C    C 35238U
1284091123070 34   36  107  206  321      C    C498  517  485  448  367   35238U
1184091123170297  197  104   51   35   27   23   22   23      C    C    C 35238U
1284091123170    C    C    C214  341  454  538      C563  569  566  452   35238U
2184091124070303  212  136   88   76   69   71   72   70   72   76   73
2284091124070 66   75  150  245  358  472  536  589  584  550  525  447
2184091125070 26   28   30   30   27   27   25   25   26   25   24   26
2284091125070 27   28   29   27   26   25   16   24   23   24   25   24
