7 BOULDER           GOES2         136.86   36  254      0EMT          FR
1184083 1 170230  186  101   64   62   79   72   74   78   79   81   78   36254U
1284083 1 170 73   69   94  167  258  313  371  357  322  345  341  293   36254U
1184083 1 270200  143  102   62   60   62   64   70   79   78   79   80   36254U
1284083 1 270 79   80   84  147  236  336  368  378  382  401  379  338   36254U
1184083 1 370235  161  101   65   62   68   73   78   81      C 83   30   36254U
1284083 1 370    C 79   87  145  235  369  428  443  424  404  396  347   36254U
1184083 1 470273  187  128   83   79   84   88   90   87   96   93   84   36254U
1284083 1 470 83   82   94  182  236  338   27 M    C515 M104 M343  318   36254U
1184083 1 570255  180  103   79   62   60   66   79   77   78   75   85   36254U
1284083 1 570 86   94  111  168  224  332  404      C403  388  375  316   36254U
1184083 1 670246  170  104      C 65   70   76   78   79   88   95   90   36254U
1284083 1 670 82   76   84  167  229  299  345  396  390  393  381  321   36254U
1184083 1 770270  187  131   80   61   64   65   72   75   75   78   80   36254U
1284083 1 770 82   90  101  152      C    C    C    C    C    C402  361   36254U
1184083 1 870254  183  133   89   68   64   66   67   81   83   81      C 36254U
1284083 1 870    C    C 86  186      C    C382  400  405  450  432  420   36254U
1184083 1 970    C    C    C    C    C    C    C    C    C    C    C    C 36254U
1284083 1 970    C    C    C    C211  322  569  569  572  575  506  484   36254U
1184083 11070376  303  264  237  207  184   60   59   63   65   67   67   36254U
1284083 11070 85  101  124  149  194      C    C    C    C    C    C    C 36254U
1184083 11170    C    C    C    C 77   71   70   68   62   60   58   58   36254U
1284083 11170 58   59   80  146  228  316  380  403  372  355  339  272   36254U
1184083 11270206  167  144  106   77   64   65   67   69   73   73   67   36254U
1284083 11270 61   58   74  141  210  252  317  333  347  346  301  246   36254U
1184083 11370203  147  105   75   58   57   58   59   60   61   61   60   36254U
1284083 11370 59   59   74  133  188  271  324  359  385  399  336  273   36254U
1184083 11470217  147  119   76   60   60   61   60   61   64   68   69   36254U
1284083 11470 66   64   82  160  231  273  325  368  380  367  341  283   36254U
1184083 11570231  180  109   69   65   65   65   71   77   78   81   80   36254U
1284083 11570 76   76   86  163  232  275  434  438  384  360  276  231   36254U
1184083 11670200  162  123   98   79   74   74   75   81   81   83   79   36254U
1284083 11670 76   74   87  149  229  269  335  414  398  396  350  274   36254U
1184083 11770198  160  103   78   72   71   75   81   79   77   80   59   36254U
1284083 11770 55   56   69  144  188  242  328  357  381  394  333  271   36254U
1184083 11870216  145  102   63   62   70   79   81   82   80   60   76   36254U
1284083 11870 62   59   78  145  221  259  315  278  301  286  288  314   36254U
1184083 11970236  144   98   68   65   65   70   80   81   70   65   59   36254U
1284083 11970 59   64   80  120  164  203  282  316  296  273  281  233   36254U
1184083 12070204  142  102   82   78   77   79   80   79   81   82   81   36254U
1284083 12070 75   71   82  125  159  212  291  330  321  294  268  251   36254U
1184083 12170189  123   77   61   60   61   63   69   69   73   77   71   36254U
1284083 12170 63   62   79  140  158  197  267  273  252  267  272  251   36254U
1184083 12270188  146   84   60   59   59   61   69   72   77   80   82   36254U
1284083 12270 79   62   78  138  187  229  281  304  278  232  240  221   36254U
1184083 12370172  119   85   60   59   59   60   64   65   73   75   77   36254U
1284083 12370 77   67   80  119  166  195  267  250  234  234  240  233   36254U
1184083 12470236  205  141   81   67   76   75   77   80   89  100   96   36254U
1284083 12470 68   62   75  146  205  297  341  365  413  357  342  286   36254U
1184083 12570232  189  110   81   62   62   71   73   75   78   82   62   36254U
1284083 12570 56   54   70  125  173  234  298  317  311  317  305  272   36254U
1184083 12670230  186  107   84   78   75      C 81   83   83   81   73   36254U
1284083 12670 68   70   87  136  187  252  299  351  349  335  296  232   36254U
1184083 12770188  143   92   80   78   75   82   69   61   62   74   72   36254U
1284083 12770 65   65   82  141  174  273  319  334  321  341  321  241   36254U
1184083 12870186  138  110   81   66   65   67   63   60   59   61   65   36254U
1284083 12870 68   61   77  136  207  262  347  378  382  344  311  277   36254U
1184083 12970246  191  127   99   77   61   62   64   73   77   79   79   36254U
1284083 12970 76   77  101  170  252  350  460  488  487  386  272  212   36254U
1184083 13070199  167  142  109  100   86   62   60   60   60   61   62   36254U
1284083 13070 66   63   98  162  206  266  317  322  332  326  314  257   36254U
1184083 13170222  153  102   85   80   78   74   71   71   72   70   67   36254U
1284083 13170 62   59   79  150  219  306  399  380  384  404  373      C 36254U
2184083 14070222  162  105   80   65   66   67   71   76   77   78   73
2284083 14070 68   65   82  146  210  272  335  359  381  357  334  273
2184083 15070 29   29   29   28   30   30   29   30   30   29   30   29
2284083 15070 28   29   30   30   29   28   29   27   29   2    30   2
1184083 2 170267      C    C    C 70      C    C 64   64   64   64   66   36254U
1284083 2 170 64   65  100  187  273  361  390  419  401  369  338  313   36254U
1184083 2 270254  195  128   82   68   64   63   62   60   62   61   61   36254U
1284083 2 270 61   61   81  145  198  315  322  358  346  372  361  317   36254U
1184083 2 370254  216  146  102   79   71   71   73   75   75   76   76   36254U
1284083 2 370 67   60   86  152  229  282  343  363  363  360  380  361   36254U
1184083 2 470328  275  188  118   86   80   78   77   78   76   65   61   36254U
1284083 2 470 60   59   88  152  214  295  399  617  685  754  617  381   36254U
1184083 2 570306  252  190  188  147  145  101   60   60   58   57   50   36254U
1284083 2 570 57   56   77  106  148  184  211  233  269  277  283  276   36254U
1184083 2 670232  184  142  102   82   59   57   60   67      C 58   57   36254U
1284083 2 670 45   44   77  140  230  296  357  371  334  280  250  241   36254U
1184083 2 770229  185  143   97   68   62   63   77   76   69   56   50   36254U
1284083 2 770 50   56   79  125  152      C253  310  318  310  316  312   36254U
1184083 2 870272  204  128   97   72   60   59   60   63   62   60   58   36254U
1284083 2 870 57   57   82  135  166  225  265  275  262  232  237  230   36254U
1184083 2 970196  145  100   66   58   56   55   55   54   54   56   57   36254U
1284083 2 970 57   58   82  140  166  234  301  322  359  358  317  275   36254U
1184083 21070221  182  137   99   93   78   75   76   76   76   78   80   36254U
1284083 21070 80   76  103  174  193  231  276  317  302  278  278  232   36254U
1184083 21170147  147  111   86   64   60   60   60   60   60   62   63   36254U
1284083 21170 63   61  100  155  190  230  271  312  464  534  541  374   36254U
1184083 21270195  148  106   92   79   77   77   80   78   79   84   85   36254U
1284083 21270 68   63   80  104  144  167  185  200  209  230  229  207   36254U
1184083 21370141   93   41   20   16   17   17   17   20   23   24   26   36254U
1284083 21370 17   10   32   63   99  119  114  120  116  138  145  144   36254U
1184083 21470114   92   54   18   16   14   12   12   15   23   29   31   36254U
1284083 21470 27   19   40   79  116  158  206  212  188  191  164  180   36254U
1184083 21570147  102   61   40   28   20   25   21   21   24   22   19   36254U
1284083 21570 17   17   49  100  145  192  204  234  223  189  167  148   36254U
1184083 21670118   78   56   33   28   31   34   35   35   33   28   23   36254U
1284083 21670 25   25   52   82  121  143  177  215  237  196  172  176   36254U
1184083 21770140  114   76   49   31   18   17   18   21   26   31   28   36254U
1284083 21770 26   21   56  101  162  192  232  241  242  221  188  167   36254U
1184083 21870143  100   58   37   28   30   33   35   36   38   35   28   36254U
1284083 21870 20   17   56  117  166  194  219  228  228  209  200  175   36254U
1184083 21970141  100   57   33   20   18   18   19   24   29   34   38   36254U
1284083 21970 36   28   58  106  146  205  256  269  260  228  181  165   36254U
1184083 22070146  129   87   57   55   40   42   40   37   41   40   39   36254U
1284083 22070 32   17   59  145  242  270  359  340  357  343  337  340   36254U
1184083 22170245  172   68   41   29   21   31   37   44   52   41   32   36254U
1284083 22170 29   19   59  117  162  216  273  317  296  282  276  253   36254U
1184083 22270246  188  137  101   56   32   20   20   23   22   22   23   36254U
1284083 22270 21   19   58  119  185  231  293  327  337  352  317  274   36254U
1184083 22370224  144  101   62   41   36   28   20   21   27   31  248 M 36254U
1284083 22370308 M311 M 81  126  166  205  501 M413 M498 M313  287  261   36254U
1184083 22470250  188   94   59   38   31   18   17   18   22   26   28   36254U
1284083 22470 22   18   61  140  204  265  331  327  328  330  298  270   36254U
1184083 22570205  139   87   57   37   26   20   19   23   25   26   31   36254U
1284083 22570 33   27   63  117  175  204  261  318  343  314  258  212   36254U
1184083 22670187  151  102   78   59   43   31   23   21   23   27   32   36254U
1284083 22670 34   35   77  142  186  228  293  338  336  316  297  283   36254U
1184083 22770252  189  123   71   40   37   34   29   25   28   30   35   36254U
1284083 22770 35   39   94   90  219  251  298  317  348  338  325  316   36254U
1184083 22870285  223  133   68   42   36   33   34   36   36   37   39   36254U
1284083 22870 39   38  101  172  228  272  299  361  400  405  395  331   36254U
2184083 24070222  151  102   68   55   37   34   36   36   38   38   39
2284083 24070 37   38   77  125  170  228  274  317  331  311  285  265
2184083 25070 28   27   27   27   28   27   27   28   28   27   28   28
2284083 25070 28   28   28   28   28   27   28   28   28   28   28   28
1184083 3 170314  252  177  125   81   81   80   78   67   70   72   65   36254U
1284083 3 170 59   55  107  188  249  349  414  476  509  496  564  554   36254U
1184083 3 270534  298  229  182  177  202  209  117   37   24   17   16   36254U
1284083 3 270 16   19   53   65   92  103  112  125  142  126  121  115   36254U
1184083 3 370100   81   57   18   16   11    7    4    9   12   13   15   36254U
1284083 3 370 15   15   69  157  230  311  355  395  404  400  365  357   36254U
1184083 3 470291  228  155  100   40   24   18   15   16   19   25   33   36254U
1284083 3 470 32   17   74  145  236  296  355  400  426  419  405  408   36254U
1184083 3 570359  311  193  101   55   48   40   41   48   52   47   45   36254U
1284083 3 570 39   36  112  210  260  311  349  378  404  403  398  382   36254U
1184083 3 670375  324  255  172  122   60   38   36   35   35   35   37   36254U
1284083 3 670 39   31   88  149  232  318  389  409  416  402  365  341   36254U
1184083 3 770276  213  186  129   99   73   49   40   37   38   40   50   36254U
1284083 3 770 48   53  125  188  225  249  279  294  300  331  300  250   36254U
1184083 3 870221  192  123  100   69   66   66   59   49   40   38   42   36254U
1284083 3 870 43   46  101  179  228  295  357  400  414  394  364  308   36254U
1184083 3 970294  232  154  101   79   66   58   50   43   44   48   55   36254U
1284083 3 970 57   58  106  186  235  313  378  408  427  431  402  381   36254U
1184083 31070314  216  136   91   59   52   51   54   53   52   44   44   36254U
1284083 31070 46   53  106  183  224  268  317  349  360  394  400  357   36254U
1184083 31170276  208  133  100   71   51   45   46   41   41   41   43   36254U
1284083 31170 51   56  123  172  216  261  303  326  355  380  381  361   36254U
1184083 31270344  315  229  144   84   61   60   59   48   41   38   38   36254U
1284083 31270 47   52  115  208  274  359  421  502  531  486  443  446   36254U
1184083 31370363  252  143   97   40   24   25   33   34   35   36   38   36254U
1284083 31370 23   17   60  136  167  210  275  318  275  266  247  209   36254U
1184083 31470180  142  104   81   60   56   45   43   36   20      C    C 36254U
1284083 31470    C    C 43      C167  230  274  302  274  245  230  204   36254U
1184083 31570162  134   99   60   39   35   24   25   21   23   26   30   36254U
1284083 31570 26   22   39   61  104  160  193  221  231  184  147  145   36254U
1184083 31670101   73   44   14   40   35   33   29   31   34   31   29   36254U
1284083 31670 21   22   76      C180  189  192      C    C    C229  222   36254U
1184083 31770189  152  102   58   53   44   44   55   56   57   53   42   36254U
1284083 31770 36   39   81  117  173  218  252      C    C272  252      C 36254U
1184083 31870    C145      C    C    C    C    C    C 54   56      C    C 36254U
1284083 31870    C    C    C    C    C    C274  301  344      C335      C 36254U
1184083 31970273  234  206  130   82      C    C    C    C    C    C 55   36254U
1284083 31970 47   49  100  122  144  194  232  278  272  249  230  202   36254U
1184083 32070189  170  102   61   49   41   37   40   44   37   21   17   36254U
1284083 32070 17   24   74  103  122  143  162  175  190  223  226  190   36254U
1184083 32170155  143  119   91   48   42   38   38   35   32   28   30   36254U
1284083 32170 29   41   91  122  165  218  272  293  303  317  293  252   36254U
1184083 32270229  177  139  100   58   49   50   56   56   56   55   56   36254U
1284083 32270 57   60  101  136  178  219  254  255  271  268  269  253   36254U
1184083 32370229  187  127   69   45   34   32   34   38      C 39   42   36254U
1284083 32370 38   40  100  145  192  251  284  305  294  274  252  229   36254U
1184083 32470227  183  124   85   62   57   53   55   54   54   53   52   36254U
1284083 32470 43   53   98  135  170  208  259  277  281  278  286  264   36254U
1184083 32570232  223  180  102   83   58   48   60   57   53   42   18   36254U
1284083 32570 17   41   85  116  144  212  133  128  120  117  128  119   36254U
1184083 32670100  100   61   38   22   17   14   15   15   14   12   13   36254U
1284083 32670 13   20   61  101  137  185  214  229  230  228  223  223   36254U
1184083 32770223  160  123   79   49   37   33   19   17   17   17   17   36254U
1284083 32770 17   40  102  146  199  260  306  340  336  336  318  270   36254U
1184083 32870232  203  145   96   63   57   52   48   48   40   33   53   36254U
1284083 32870 42   56   84   86  131  167  206  225  209  187  163  147   36254U
1184083 32970141  121  104   52   50   39   50   54   44   48   52   50   36254U
1284083 32970 38   55   89  109  156  169  202  187  187  181  161  147   36254U
1184083 33070144  120   97   59   38   36   37   37   37   46   41   38   36254U
1284083 33070 35   58  101  144  183  217  276  305  256  233  229  192   36254U
1184083 33170    C    C    C101   57      C 39   41   44   43   46   35   36254U
1284083 33170 37   59  101  106  111  140  161  225  274  296  270  185   36254U
2184083 34070229  189  133   96   57   48   44   41   42   40   38   38
2284083 34070 38   41   94  140  179  218  274  302  294  278  270  250
2184083 35070 29   30   29   30   30   28   29   29   30   29   28   29
2284083 35070 29   29   30   28   30   30   31   29   29   29   31   29
1184083 4 170137  100   60   40   27   25   27   27   22   24   23   17   36254U
1284083 4 170 13   33   58   81  102  125  164  163  155  157  133  105   36254U
1184083 4 270101   98   71   56   29   25   23   19   19   19   20   19   36254U
1284083 4 270 16   38   61   86  105  143  150  183  189  186  162  144   36254U
1184083 4 370140  126  102   79   62   59   57   57   54   41   39   38   36254U
1284083 4 370 34   54   78  118  144  161  175  195  203  200  202  202   36254U
1184083 4 470192  169  121   74   49   41   41   42   45   49   50   46   36254U
1284083 4 470 37   59  102  151  194  233  257  313  338  337  317  231   36254U
1184083 4 570191  160  121  101   77   72   58   52   41   33   30   30   36254U
1284083 4 570 31   59  124  171  231  269  270  295  305  273  231  192   36254U
1184083 4 670173  160  136   80   57   45   43   41   41   34   27   22   36254U
1284083 4 670 22   45   82  131  187  214  204  256  255  257  191  184   36254U
1184083 4 770166  133  104   82   54   43   41   40   41   43   41   38   36254U
1284083 4 770 21   64  146  160  184  186  190  232  231  227  190  186   36254U
1184083 4 870183  143  105   79   49   40   38   38   39   38   37   36   36254U
1284083 4 870 30   51   75  121  143  153  172  187  164  146  148  169   36254U
1184083 4 970146  136  100   60   42   36   34   34   29   32   35   37   36254U
1284083 4 970 31   45   60  100  130  169  191  230  228  189  180  168   36254U
1184083 41070169  145  108   87   57   40   37   35   27   37   35   36   36254U
1284083 41070 29   43   63   84  118  145  182  201  195  209  191  173   36254U
1184083 41170162  145  113   64   39   25   23   26   32   33   33   32   36254U
1284083 41170 25   57   98  126  144  171  187  189  189  185  181  149   36254U
1184083 41270139  123  101   69   59   58   52   50   41   39   37   37   36254U
1284083 41270 36   61  108  147  157  175  226  251  298  309  275  234   36254U
1184083 41370199  146  127  103   84   62   60   59   59   58      C    C 36254U
1284083 41370 42   63  100  140  156  182  188  188  214  258  267  231   36254U
1184083 41470190  140  106   95   58   54   58   57   55   96   55   48   36254U
1284083 41470 41   59   68   78   96  102  116  134  130  139  144  128   36254U
1184083 41570124  116  113   84   65   59   59   61   60   61   58   58   36254U
1284083 41570 42   57   60   91  102  126  143  157  162  145  126  110   36254U
1184083 41670109  103   93   60   51   35   36   37   29   24   29   19   36254U
1284083 41670 18   59  102  142  162  206  263  257  281  243  230  229   36254U
1184083 41770222  168  124   81   42   21   16   13   17   12   14   13   36254U
1284083 41770 14      C 79      C    C156  187  243  143  245  229  187   36254U
1184083 41870151  138  105   79   57   36   22   24   26   24   31   39   36254U
1284083 41870 29      C122  187  209  201  265  282  283  282  273  252   36254U
1184083 41970215  169  131  101   73   55   53   52   53   48   35   39   36254U
1284083 41970 38   85  144  184  226  254  264  314  315  271  237  210   36254U
1184083 42070198  185  146  121  100   80   68   64   60   60   59   57   36254U
1284083 42070 55   88  134  144  180  200  240  291  281  263  267  251   36254U
1184083 42170222  208  176  126   86   64   61   58   58   56   53   39   36254U
1284083 42170 35   64  101  144  174  210  229  249  266  270  271  277   36254U
1184083 42270227  185  180  124   95   65   58   57   56   57   56   55   36254U
1284083 42270 58   97   81   84  102  124  143  145  146  140  121  110   36254U
1184083 42370105  104  102   90   77   63   60   59   58   48   44   41   36254U
1284083 42370 48   85  121  159  187  230  250  253  257  254  224  215   36254U
1184083 42470224  195  157  118   91   78   59   60   61   56   54   24   36254U
1284083 42470 32   63  104  127  143  167  192  210  231  223  237  210   36254U
1184083 42570175  165  140  118   91   79   70   68   60   59   50   37   36254U
1284083 42570 37   82  120  146  187  216  245  285  324  340  322  314   36254U
1184083 42670273  227  185  151  123   95   74   61   58   58   59   56   36254U
1284083 42670117 M 88 M183  271  316  348  369  337  287  272  266  273   36254U
1184083 42770272  257  229  187  109   74   67   76   66   60   59   47   36254U
1284083 42770 44   78  103  128  150  166  188  204  224  231  236  225   36254U
1184083 42870211  168  143  106   80   59   59   60   60   57   44   37   36254U
1284083 42870 44   80  122  145  158  162  167  186  210  229  230  221   36254U
1184083 42970205  186  150  105   83   68   59   59   58   56   40   36   36254U
1284083 42970 58   98  101  123  164  164  210  231  277  318  328  310   36254U
1184083 43070228  167  143  107   97   66   60   58   58   39   38   28   36254U
1284083 43070 55   98  159  201  226  287  310  341  374  359  339  317   36254U
2184083 44070186  153  121   88   63   58   57   54   53   45   39   37
2284083 44070 35   62  101  140  158  173  191  231  231  244  230  210
2184083 45070 30   30   30   30   30   30   30   30   30   30   29   29
2284083 45070 30   28   30   29   29   30   30   30   30   30   30   30
1184083 5 170    C242  184  163  113   82   68   60   55   54   36   22   36254U
1284083 5 170 35   70   97  103  125  140  143  162  186  214  228  192   36254U
1184083 5 270159  120  102   81   59   53   46   57   56   53   41   41   36254U
1284083 5 270 58  109  165  182  181  222  237  265  278  274  232  221   36254U
1184083 5 370194  180  162  136  100   80   63   57   54   49   39   42   36254U
1284083 5 370 59  109  146  214  271  298  317  352  381  376  361  353   36254U
1184083 5 470317  304  230  173  142  103   97   87   81   64   58   38   36254U
1284083 5 470 41   59   64   83   96  103  115  118  133  139  144  145   36254U
1184083 5 570143  145  126   87   57   47   37   35   32   20   19   23   36254U
1284083 5 570 44   97   81  154  170  183  209  212  216  229  229  223   36254U
1184083 5 670    C    C178      C 56   33   36   36   23   17   11   36   36254U
1284083 5 670 39   86  143  189  230  244  270  246  233  229  220  229   36254U
1184083 5 770230  227  205  164  103   81   72   63   65   72   68   58   36254U
1284083 5 770 58  103  172  218  227  232  252  270  275  307  294  261   36254U
1184083 5 870221  208  206  168  117   89   66   58   59   59   59   58   36254U
1284083 5 870 71  123  176  187  197  187  229  254  257  273  252  228   36254U
1184083 5 970212  226  212  170  125   95   77   64   72   65   60   57   36254U
1284083 5 970 78  122  143  149  163  144  144  159  160  160  146  144   36254U
1184083 51070157  149  144  115   84   59   58   57   57   57   55   46   36254U
1284083 51070 56  101  137  157  181  211  220  243  249  228  229  219   36254U
1184083 51170208  188  182  160  132   99   82   82   46   38   37   38   36254U
1284083 51170 54   59   61  102  102  129  144  145  147  147  129  100   36254U
1184083 51270101  104  101   93   80   79   76   57   40   36   29   24   36254U
1284083 51270 41   60   52   78  105  144  185  211  253  223  229  227   36254U
1184083 51370188  183  129   88   55   15      C 18   38   49   50   40   36254U
1284083 51370 59   94  115  121  143  145  163  143  146  153  147  145   36254U
1184083 51470142  126  107   78   47   36   30   28   33   34   32   21   36254U
1284083 51470 43   73  100  102  108  125  143  160  169  161  142  132   36254U
1184083 51570124  115  107  100   76   60   57   43   45   33   44   44   36254U
1284083 51570 38   77  114  146  182  183  186  213  224  230  225  234   36254U
1184083 51670229  185  167  124   89   59   48   38   34   35   36   38   36254U
1284083 51670 57   99  124  179  228  272  276  313  298  295  289  269   36254U
1184083 51770270 M269 M273 M269 M269 M271 M289 M288 M277 M269 M269 M270 M 36254U
1284083 51770269 M269 M269 M    C    C    C    C    C    C    C    C    C 36254U
1184083 51870    C    C    C    C    C    C    C    C    C    C    C    C 36254U
1284083 51870    C    C    C    C    C    C    C    C    C    C    C    C 36254U
1184083 51970    C    C    C    C    C    C    C    C    C    C    C    C 36254U
1284083 51970269 M269 M297 M321 M 12 M 29 M164 M174 M189 M188 M187 M172 M 36254U
1184083 52070166 M146 M136 M102 M 64 M 59 M 45 M 49 M 39 M 32 M 18 M143 M 36254U
1284083 52070147 M209 M    C    C376 M357 M352 M353 M350 M356 M383 M416 M 36254U
1184083 52170401 M361 M336 M231 M209 M179 M167 M165 M165 M157 M141 M140 M 36254U
1284083 52170163 M153 M154 M155 M155 M123 M123 M 98 M 85 M 98 M 85 M 92 M 36254U
1184083 52270 99 M 93 M 83 M 45 M 10 M 16 M 12 M 11 M 10 M  9 M  7 M  6 M 36254U
1284083 52270 13 M 36 M 55 M 83 M111 M136 M144 M143  142 M179 M182 M179 M 36254U
1184083 52370181 M180 M183 M138 M100 M 93 M 82 M 62 M 84 M 63 M 63   58   36254U
1284083 52370 61   96   99  128  139  147  174  184  183  184  181  147   36254U
1184083 52470153  159  143  102   75   48   47   45   41   36   31   25   36254U
1284083 52470 51   81  103  142  189  204  233  293  357  307  335  222   36254U
1184083 52570154  138  155  154  150  149  148  153  155  153  152  152   36254U
1284083 52570155  155  155  187  231  234  224  229  252  263  271  268   36254U
1184083 52670229  205  184  158  142  101   81   62   58   58   58   57   36254U
1284083 52670 61  102  142  170  186  208  229  245  262  272  271  258   36254U
1184083 52770229  191  190  163      C 99   92   85   81   68   58   56   36254U
1284083 52770 59   97  101  141      C169  185  186  183  169  163  170   36254U
1184083 52870    C175  143  125  100   81   80   71   62   58   57   56   36254U
1284083 52870    C135  184  207  219  228  228  229  230  230  229  217   36254U
1184083 52970193  186  183  164  134  101   96   88   84   80   69   59   36254U
1284083 52970 69  101  144  177  186  187  208  228  227  230  230  223   36254U
1184083 53070229  228  209  157  119   97   89   93   92   84   65   57   36254U
1284083 53070 79  104  145  161  184      C    C228  235  255  223  196   36254U
1184083 53170182  182  184  146  105  102   91  104  103  101   89   86   36254U
1284083 53170101  103  134  179  179  271  277  307  311  302  291  274   36254U
2184083 54070210  187  183  157  109   89   78   63   59   58   58   56
2284083 54070 59  101  142  165  185  206  226  229  249  230  229  223
2184083 55070 26   28   29   28   28   29   28   29   29   29   29   29
2284083 55070 29   30   29   28   28   28   28   29   29   29   29   29
1184083 6 170261  252  248  294  143  102   92   84   86   85   63   49   36254U
1284083 6 170 56  133  181  230  248  298  264  229  188  185  160  166   36254U
1184083 6 270164  170  173  158  122   86   72   58   57   48   46   49   36254U
1284083 6 270 72   95  114  143  172  168  167  172  185  201  187  186   36254U
1184083 6 370171  165  165  144  135   94   61   58   58   56   98   55   36254U
1284083 6 370 93  143  212  228  252  253  252  271  272  264  240  229   36254U
1184083 6 470228  228  228  221  186  151  130  122  111  102  104  103   36254U
1284083 6 470133  168  210  249  272  290  298  311  300  295  295  272   36254U
1184083 6 570252  240  244  216  174  143  140  119  116  122  105  101   36254U
1284083 6 570122  164  177  187  189  213  230  223  230  231  222  207   36254U
1184083 6 670207  216  223  187  173  146  136  128  119  104  102  101   36254U
1284083 6 670122  144  183  214  201  208  208  220  229  227  214  213   36254U
1184083 6 770210  217  227  189  165  127  102  100  100  101  100   97   36254U
1284083 6 770142  184  228  262  298  314  329  334  346  344      C314   36254U
1184083 6 870272  271  268  242  206  166  144  142  137  135  128  100   36254U
1284083 6 870123  168  227  259  315  358  351  358  388  384  356  331   36254U
1184083 6 970309  271  250  231  187  101   95   95   97   91   89   91   36254U
1284083 6 970119  144  162  164  188  231  260  310  346  356  312  292   36254U
1184083 61070270  248  262  248  152  119  102  101  100   89   85   78   36254U
1284083 61070100  126  144  144  161  184  190  188  186  174  171  174   36254U
1184083 61170182  185  184  166  127   99   87   84   84   80   75   61   36254U
1284083 61170 96  126  175  200  222  238  251  251  259  264  275  273   36254U
1184083 61270260  243  229  229  187  161  142  137  131  122  102   93   36254U
1284083 61270101  142  162  187  207  208  211  213  216  216  196  204   36254U
1184083 61370201  199  252  336 M328 M330 M334 M337 M335 M328 M331 M329 M 36254U
1284083 61370330 M328 M332 M473 M338 M359 M284  308  324  327  319  313   36254U
1184083 61470299  297  295  272  223 M190 M189 M183 M247 M156 M152 M226 M 36254U
1284083 61470256 M275 M289 M300 M316 M334 M337 M340 M336 M336 M334 M337 M 36254U
1184083 61570337 M339 M347 M334 M314 M314 M294 M275 M260 M254 M245 M233 M 36254U
1284083 61570269 M282 M300 M318 M351 M360 M329 M358 M367 M401 M359 M358 M 36254U
1184083 61670340 M335 M332 M316 M292 M272 M272 M245 M235 M229 M222 M 50   36254U
1284083 61670 61  110  139  175  191  198  208  232  197  192  181  181   36254U
1184083 61770182  199  205  185  129   81   59   56   50   57   50   45   36254U
1284083 61770 61  102  133  150  186  198  211  202  229  227  211  195   36254U
1184083 61870203  193  186  156  143  101   79   73   61   59   58   58   36254U
1284083 61870 62   79  100  124  162  187  223  215  186  198  207  223   36254U
1184083 61970208  197  161  114  411 M406 M 49   48   44   42   37   34   36254U
1284083 61970 55   91  109  137  164  178  190  190  187  174  166  167   36254U
1184083 62070163  147  163  122  101   74   57   53   50   44   38   36   36254U
1284083 62070 56   90  103  132  135  161  177  199  211  203  192  186   36254U
1184083 62170172  181  177  161  114   91   80   82   79   74   59   52   36254U
1284083 62170 58   90  122  159  187  204  220  220  231  229  216  196   36254U
1184083 62270194  201  200  170  128   78   57   58   58   59   48   47   36254U
1284083 62270 78  103  125  144  147  158  186  227  231  239  212  193   36254U
1184083 62370178  166  165  150  130  104   94   74   60   50   41   35   36254U
1284083 62370 56   76   89  118  138  152  165  179  178  180  170  168   36254U
1184083 62470163  164  149  131  100   71   72   64   48   50   35   36   36254U
1284083 62470 76  118  153  168  167  187  192  191  171  164  163  163   36254U
1184083 62570156  146  145  135  120  100   85   70   58   53   51   52   36254U
1284083 62570 78  130  178  215  247  291  328  341  318  317  294  291   36254U
1184083 62670254  234  229  207  185  131   96  100  105   96   82   74   36254U
1284083 62670 80  102  142  182  211  196  204  214  203  203  203  217   36254U
1184083 62770217  229  230  195  146  121  102   79   78   80   78   63   36254U
1284083 62770 81  108  139  145  162  177  204  215      C247  227  204   36254U
1184083 62870191  333 M176  148  122  104   82   61   58   53   54   39   36254U
1284083 62870 58  101  137  188  201  227  250  246  251  240  234  231   36254U
1184083 62970217  218  201  183  129   78   52   41   44   42   45   41   36254U
1284083 62970 56   61   94  115  124  122  124  124  133  131  135  142   36254U
1184083 63070143  148  145  110   78   48   37   39   37   34   37   38   36254U
1284083 63070 64   63  159  186  202  201  201  187  201  206  197  194   36254U
2184083 64070207  216  214  186  144  104   93   83   81   80   76   56
2284083 64070 79  122  156  184  196  206  215  221  229  228  212  205
2184083 65070 30   30   30   30   30   30   30   30   30   30   30   30
2284083 65070 30   30   30   30   30   30   30   30   29   30   29   30
1184083 7 170186  169  166  147  107   72   55   61   58   56   41   36   36254U
1284083 7 170 51   84  128  189  197  188  203  203  192  198  188  179   36254U
1184083 7 270184  189  174  144   88   61   48   45   38      C    C    C 36254U
1284083 7 270    C    C    C    C    C197  194  191  183  182  181  166   36254U
1184083 7 370155  163  163  129   99   72   59   50   42   38   37   36   36254U
1284083 7 370 50   90  117  126  143  145  162  168  165  166  173  158   36254U
1184083 7 470143  152  143  120   98   77   59   43   43   45   41   36   36254U
1284083 7 470 48   77  101  136  169  158  158  158      C    C    C155   36254U
1184083 7 570158  158  158  128   63   38   17   10   34   36   32   32   36254U
1284083 7 570 53  100  133  149  164  152  164  173  171  171  171  188   36254U
1184083 7 670182  201  211  209  130  104   76   58   56   57   56   50   36254U
1284083 7 670 74  118  153  178  210  236  239  246  230  219  207  195   36254U
1184083 7 770205  191  179  133   88   71   63   57   43   45   37   25   36254U
1284083 7 770 50      C    C147  160  164  175  203  195  199  191  188   36254U
1184083 7 870189  175  172  170  144  102   75   69   36   36   41   52   36254U
1284083 7 870 57   80  103  121  154  158  157  166  179  176  184  164   36254U
1184083 7 970165  164  166  161  123   82   79   64   56   46   36   29   36254U
1284083 7 970 48   80   97  129  129  148  152  170  186  195  173  173   36254U
1184083 71070173  146  140  186  137  103  109   78   69   51   40   35   36254U
1284083 71070 40   57   80  111  142  163  165  169  192  190  166  214   36254U
1184083 71170209  190  170  156  124   86   80   75   76   72   62   53   36254U
1284083 71170 79  119  150  186  210  225  239  248  251  238  241  235   36254U
1184083 71270210  196  175  158  126  111  109  109  109  108  108  111   36254U
1284083 71270107  106  113  122  247  237  249  216  211  253  249  253   36254U
1184083 71370214  172  162  125  104   77   79   80   78   58   79   71   36254U
1284083 71370 40   68   90  119 M123 M122 M122 M119 M123 M123 M128 M125 M 36254U
1184083 71470120 M115 M115 M102 M127  107   96   86   83   77   70   65   36254U
1284083 71470 76  108  128  144  103 M140  147  159  169  182  196  200   36254U
1184083 71570    C187  188  180  145  128  115  104  102      C    C    C 36254U
1284083 71570    C    C141  175  200  198  205      C222  201  188  165   36254U
1184083 71670145  146  147  144  128  105  100   82   77   57   41   35   36254U
1284083 71670 43   74  130  168  188  187  188  184  189  196  219  216   36254U
1184083 71770193  157  159  130  105   98   75   59   48   17   12   11   36254U
1284083 71770 17   51   63   78   91  105  126  137  145  154 M161 M159 M 36254U
1184083 71870161 M163 M158 M161 M158 M110 M113 M108 M106  104   82   74   36254U
1284083 71870105  121  152  163  197  205  190  189  195  207  209  225   36254U
1184083 71970228  219  215  184  127  105  102  100   99   88   78   66   36254U
1284083 71970 81  104  140  153  184  188  212  228  229  221  212  208   36254U
1184083 72070192  179  175  148  140  111  100   99   98   82   80   79   36254U
1284083 72070 84  118  155  188  200  207  199      C207  212  215  208   36254U
1184083 72170189  188  176  170  144  118  100   96  101  101   96   81   36254U
1284083 72170 85  127  167  195  205  224  226  242  255  251  222  211   36254U
1184083 72270205  189  187  181  141  127  101  123 M123 M123 M123 M123 M 36254U
1284083 72270123 M123 M123 M123 M123 M132 M185  218  232  249  258  267   36254U
1184083 72370240  222  208  137  101   83   61   59   58   58   55   40   36254U
1284083 72370 54   78  109  145  166  201  234  271  273      C243  215   36254U
1184083 72470185  179  206  183  139  137  104   91   73      C 45   36   36254U
1284083 72470 43   59   81   92  113  109  125  127  122  131  147  148   36254U
1184083 72570140  140  136  114   98   77   60   54   45   39   34   19   36254U
1284083 72570 17   56   80  101  121  129  131  134  136  141  148  153   36254U
1184083 72670159  149  144  123   99   60   57   54   36   25   36   30   36254U
1284083 72670 37   83  131  157  214  221  209  227  231  207  185  173   36254U
1184083 72770167  148  144  141  117   98   63   59   55   42   43   39   36254U
1284083 72770 40   40   52   64   97  102  101  121  142  137  121  100   36254U
1184083 72870101  104   94   61   21   31   17   16   13   13   12   40   36254U
1284083 72870 44   86  144  171  173  189  209  213 M213 M171 M171 M171 M 36254U
1184083 72970171 M167  166  145  113   83   72   74   60   55   55   48   36254U
1284083 72970 40   60   94  144  155  160 M160 M160 M160 M160 M160 M160 M 36254U
1184083 73070160 M    C169 M132 M119 M 91 M 84   59   94   80   77   65   36254U
1284083 73070 62  107  144  159  168  165  166  173  178  185  182  186   36254U
1184083 73170159  159  149  134  109  101   89   81   80   78   76   67   36254U
1284083 73170 71  115  146  168  171  185  179  185  187  194  187  185   36254U
2184083 74070187  173  170  147  123   98   79   69   60   56   45   40
2284083 74070 51   85  128  151  172  188  188  189  193  199  193  195
2184083 75070 30   30   31   31   31   31   31   31   31   28   29   29
2284083 75070 29   28   29   30   30   31   31   29   30   29   30   31
1184083 8 170181  170  157  146  138   98   95   85   89   85   78   73   36255U
1284083 8 170 80  119  165  202  230  271  273  272  276  262  231  227   36255U
1184083 8 270229  230  228  200  183  146  144  123  110  104  104  101   36255U
1284083 8 270 98  108  143  175  188  216  221  216  220  252 M252 M252 M 36255U
1184083 8 370252 M252 M252 M252 M252 M252 M252 M252 M252 M252 M252 M252 M 36255U
1284083 8 370252 M252 M252 M249 M275 M244  242  273  275  294  231  227   36255U
1184083 8 470230  189  182  150  125   97   97   93   97   94   81   69   36255U
1284083 8 470 71  104  138  150  168  185  189  224  237  238  197  206   36255U
1184083 8 570205  205  167  146  119  100   74   63   62   62   63   64   36255U
1284083 8 570 73  116  184  228  226  213  218      C248  233  229  197   36255U
1184083 8 670188  187  188  181  145  117  102   95   98   87   81   77   36255U
1284083 8 670 76  119  181  231  254  255  266  251  263  246  231  233   36255U
1184083 8 770235  231  230  199  178  147  130  113  103  101  100  101   36255U
1284083 8 770101  130  177  203  194  230  230  228  232  253  233  268   36255U
1184083 8 870267  313  325  379  210  106  100  101   99   70   54   23   36255U
1284083 8 870 31   61  101  131  124  123  127  143  144  180  126  118   36255U
1184083 8 970106  106  119  114  100   63   46   18   19   17   16   15   36255U
1284083 8 970 15   45   70  102  137  169  186  187  186  180  175  166   36255U
1184083 81070165  148  145  123   85   57   49   40   39   39   33   22   36255U
1284083 81070 19   83  163  229  231  247  234  232  237  229  210  204   36255U
1184083 81170179  162  145  125  100   77   60   58   52   41   38   33   36255U
1284083 81170 32   89  164  233  225  280  253  235  252  272  275  248   36255U
1184083 81270229  182  167  145  111   99   98   84   83   81   64   60   36255U
1284083 81270 58   77  103  122  143  145  127  141  141  125  103      C 36255U
1184083 81370120  115  117  100  111   38   30   24   17   11   17   17   36255U
1284083 81370 17   47   76  100  128  145  155  174  191  204  201  213   36255U
1184083 81470189  164  146  143  104  123  102  100   97  101   97  100   36255U
1284083 81470 82  104  145  169  190  225  229  227  236  233  226  215   36255U
1184083 81570192  187  183  168  145  120  107  102  102  101   99   76   36255U
1284083 81570 70  106  148  181  187  205  205  227  229  220  208  208   36255U
1184083 81670209  193  178  172  144  119  102   99   99   78   81   79   36255U
1284083 81670 78  118  170  198  209  227  250  273  281  277  253  253   36255U
1184083 81770241  230  210  187  150  135  106  100   96   93   90   90   36255U
1284083 81770 87  127  169  188  210  210  222  230  259  269  254  243   36255U
1184083 81870229  211  189  165  144  123  314 M101   96   96   86   81   36255U
1284083 81870 76  118   93 M230 M244 M244 M121 M244  250  261  249  229   36255U
1184083 81970211  107 M185  148  119   81   60   60   59   58   56   42   36255U
1284083 81970 32   63  132  151  151  151  151  301  272  216  206  186   36255U
1184083 82070206  211  229  195  143  102   89   80   79   75   68   59   36255U
1284083 82070 55  103  211  274  300  316  301  290  273  285  277  247   36255U
1184083 82170237  231  183  145   74   60   58   58   57   56   50   78   36255U
1284083 82170 71   97  104  123  143  147  168  185  183  174  165  155   36255U
1184083 82270160  152  146  101  105  101  102  102  102  102  102  102   36255U
1284083 82270102  102 M102 M102 M102 M 92 M122 M127 M131 M134 M140 M101 M 36255U
1184083 82370215  160  183  142  100   59   63   68   75   60   56   42   36255U
1284083 82370 32   57   83  100  109  136  141  150  173  174  166  145   36255U
1184083 82470145  144  127  100   65   57   55   44   38   33   31   21   36255U
1284083 82470 18   48   66   94   99  101  110  139  142  142  142  156   36255U
1184083 82570145  137  101   75   44   25   16   16   14   14   22   17   36255U
1284083 82570 16   59   92  101  121  144  144  169  185  182  162  147   36255U
1184083 82670133  141  102   80   58   49   72   65   68   68   68   69   36255U
1284083 82670 69   69   68  111  110  125  141  157  145  142  145  142   36255U
1184083 82770124  118  106   78   53   79   64   60   59   59   59   59   36255U
1284083 82770 57   77  128  182  224  232  251  274  298  294  270  223   36255U
1184083 82870192  179  162  141  113   99   83   70   74   68   66   66   36255U
1284083 82870 70   98  141  163  197  212  234  249  254  251  229  210   36255U
1184083 82970189  163  149  143  120  104  101   88   71   63   63   64   36255U
1284083 82970 62   95  149  192  250  266  295  331  336  302  256  231   36255U
1184083 83070231  229  229  188  152  143  119  103  102   56   90   88   36255U
1284083 83070 81   97  108  135  164  192  217  218  241  248  218  225   36255U
1184083 83170231  223  180  144  133  103  102  100   96   81   75   62   36255U
1284083 83170 60   75  102  124  142  163  176  195  216  201  199  192   36255U
2184083 84070205  187  178  145  119  100   97   85   83   70   68   66
2284083 84070 70   97  143  175  190  212  221  227  237  238  226  214
2184083 85070 31   31   31   31   31   31   31   31   31   31   31   31
2284083 85070 31   31   31   31   31   31   31   30   31   31   31   30
1184083 9 170167  161      C    C    C 85   77   78   78   67   61   59   36255U
1284083 9 170 58   76  106  129  135  136  143  145  163  184  187  187   36255U
1184083 9 270180  167  147  108   94   59   60   59   59   59   59   59   36255U
1284083 9 270 59   83  141  180  187  187  210  232  253  238  212  209   36255U
1184083 9 370205  181  165  142  107   88   67   63   63   62   62   62   36255U
1284083 9 370 60   95  154  225  239  215  210  216  234  246  205      C 36255U
1184083 9 470    C    C    C    C    C    C    C    C    C    C    C    C 36255U
1284083 9 470    C    C    C    C    C    C186  192  230  243  240  210   36255U
1184083 9 570203  163  129  110   67   39   35   34   34   30   31   32   36255U
1284083 9 570 31   60  126  192  229  231  232  234  252  250  235  210   36255U
1184083 9 670189  159  123  104   76   61   39   37   37   35   34   33   36255U
1284083 9 670 29   56  120  187  207  230      C    C    C    C    C233   36255U
1184083 9 770205  161  110   88   72   60   54   58   44   39   37   32   36255U
1284083 9 770 29   53   97  143  185  214  267  329  275  223  183  146   36255U
1184083 9 870134  133  104   90   63   58   59   58   56   48   41   22   36255U
1284083 9 870 20   58  131  155  184  207  231  283  307  293  254  231   36255U
1184083 9 970204  189  143  112   93   76   61   57   55   57   57   54   36255U
1284083 9 970 38   56  117  168  187  207  227  246  254  252  246  270   36255U
1184083 91070230  179  158  106   75   53   39   34   36   29   35   19   36255U
1284083 91070 41   78  145  199  209  193  197  233  249  259  228  227   36255U
1184083 91170184  182  161  119   63   45   37   31   20   18   18   19   36255U
1284083 91170 20   56  107  147  160  181  188  201  214  217  219  218   36255U
1184083 91270206  190  159  109   79   55   40   40   41   46   51   52   36255U
1284083 91270 49   59  100  142  146  174  180  183  194  210  190  187   36255U
1184083 91370186  158  142  102   78   58   56   47   47   52   55   54   36255U
1284083 91370 52   58   82  101  124  144  167  184  187  186  183  185   36255U
1184083 91470187  177  144  100   57   35   25   21   25   37   38   38   36255U
1284083 91470 35   53   99  139  167  186  191  233  228  190  182  169   36255U
1184083 91570187  184  143  105   92   61   32   16   16   36   47   44   36255U
1284083 91570 44   57   77  100  117  143  157  185  208  230  203  181   36255U
1184083 91670138  107   80   60   53   50   45   43   46   42   40   30   36255U
1284083 91670 20   54  146  237  230  228  250  292  331  324  290  236   36255U
1184083 91770213  159  113   85   62   58   54   46   47   45   48   46   36255U
1284083 91770 45   55   96  142  170  183  184  233  243  229  187  185   36255U
1184083 91870176  160  127   97   83   80   76   59   61   65   77   74   36255U
1284083 91870 63   76  114  144  180  187  222  232  251  253  247  228   36255U
1184083 91970198  143  115   99   94   93   93   88   84   58   56   53   36255U
1284083 91970 51   54   99  105  141  177  177  177  212  224  228  208   36255U
1184083 92070184  169  124   61 M 56 M 46 M 79   80   75   72   68   60   36255U
1284083 92070 60   78  111  174  190  185  214  226  227  229  229  228   36255U
1184083 92170228  185  142   92   64   62   60   59   60   60   59   61   36255U
1284083 92170 61   79  101  120  142  156  187  214  224  227  226  203   36255U
1184083 92270184  160  140   59   92   85   76   60   57   57   57   59   36255U
1284083 92270 60   79  123  148  158  160  181  211  231  230  215  200   36255U
1184083 92370188  149  123   95   81   79   77   79   78   71   59   57   36255U
1284083 92370 59   82  142  170  183  193  232  210  297  267  226  188   36255U
1184083 92470172  152  131  102   99   95   96   80   59   61   61   61   36255U
1284083 92470 61   65  133  212  235  230  261  249  214  206  226  220   36255U
1184083 92570194  187  144  106  100   96   81   80   74   70   63   62   36255U
1284083 92570 62   73  101  122  142  167  190  249  234  211  191  200   36255U
1184083 92670209  187  151  118   96   80   70   80   81   80   75   64   36255U
1284083 92670 61   71  101  110  142  162  186  198  224  227  207  182   36255U
1184083 92770162  142  118   88   61   61   59   57   60   60   60   60   36255U
1284083 92770 59   62  101  120  141  143  153  165  166  173  185  170   36255U
1184083 92870161  143  110   80   58   56   57   56   56   55   54   54   36255U
1284083 92870 53   57   99  120  151  172  188  202  198  188  193  186   36255U
1184083 92970184  164  143  101   82   65   61   61   61   61   59   60   36255U
1284083 92970 59   72  116  143  164  184  197  211  211  207  212  215   36255U
1184083 93070196  164  111   80   61   60   62   61   60   61   61   61   36255U
1284083 93070 60   63  103  144  161  193  188  206  210  226  230  227   36255U
2184083 94070187  163  135  101   78   61   60   58   57   57   57   54
2284083 94070 53   62  107  144  167  185  190  214  228  227  215  208
2184083 95070 29   29   28   28   28   29   29   29   29   29   29   29
2284083 95070 29   29   29   29   29   29   29   29   29   29   29   29
118408310 170198  155  117   84   71   64   64   70   71   75   77   79   36255U
128408310 170 80   84  127  162  184  213  229  212  225  234  247  221   36255U
118408310 270227  210  144  100   58   56   53   51   56   58   58   58   36255U
128408310 270 56   53  107  170  209  236  273  294  274  248  233  240   36255U
118408310 370266  208  123   79   58   61   62   65   64   70   75   66   36255U
128408310 370 63   77  126  181  197  237  279  317  336  338  276  254   36255U
118408310 470231  209  153  101   81   69   62   59   60   62   58   56   36255U
128408310 470 54   72  102  146  144  181  222  224  186  173  166  162   36255U
118408310 570185  188  146  101   76   61   59   59   59   57   61   60   36255U
128408310 570 60   68  106  162  186  201  232  266  259  250  225  217   36255U
118408310 670200  177  122   75   49   42   41   41   42   39   41   43   36255U
128408310 670 45   57  104  134  154  209  247  313  293  275  229  190   36255U
118408310 770184  150  102   79   59   56   54   55   56   56   58   55   36255U
128408310 770 51   57  113  169  187  200  226  236  263  269  251  234   36255U
118408310 870231  167  108   81   56   51   45   43   42   42   41   44   36255U
128408310 870 41   47  101  147  212  241  283  326  359  331  288      C 36255U
118408310 970161  213  164  121  279   56   42   46   46   48   47   44 M 36255U
128408310 970 44   54  106  150  183  191  215  217  230  235  251  234   36255U
1184083101070214  147   94   64   53   49   47   55   55   56   58   56   36255U
1284083101070 55   58  107  148  186  230  267  315  356  371  380  385   36255U
1184083101170300  188  106   79   60   59   59   59   57   58   58   58   36255U
1284083101170 57   56  106  162  216  239  277  311  327  336  329  309   36255U
1184083101270286  209  121   81   61   61   61   59   56   59   59   58   36255U
1284083101270 57   60  128  192  231  255  278  316  367  398  407  405   36255U
1184083101370323  240  165  133  101   94   89   90   80   70   63   63   36255U
1284083101370 63   71  119  177  227  250  307  277  282  253  234  246   36255U
1184083101470247  202  131   82   61   60   60   59   59   60   58   58   36255U
1284083101470 57   61  127  194  276  331  377  377  377  362  314  273   36255U
1184083101570255  214  143  105   89   79   74   72   66   66   70   68   36255U
1284083101570 66   73  145  230  254  270  290  321  299  297  295  277   36255U
1184083101670221  143  105   80   56   51   46   54   52   54   57   59   36255U
1284083101670 56   53  103  161  229  263  295  337  331  274  272  250   36255U
1184083101770210  162  115   78   61   59   59   58   60   58   57   55   36255U
1284083101770 47   54   70  101  107  122  131  178  125  126  120  136   36255U
1184083101870149  128  121  102   57   57   51   42   43   39   62   63   36255U
1284083101870 46   42   75  141  166  224  295  289  232  233  198  191   36255U
1184083101970174  125   95   52   28   20   19   17   17   17   16   16   36255U
1284083101970 15   19   68  110  143  153  180  191  211  209  204  203   36255U
1184083102070188  188  149   81   78   79   81   83   83   84   86   81   36255U
1284083102070 37   36   82  109  169  149  201  230  209  231  251  242   36255U
1184083102170199  122   67   56   39   39   40   41   43   45   45   43   36255U
1284083102170 40   43   79  120  148  186  232  271  314  315  312  256   36255U
1184083102270208  157  139  102   50   61   57   48   51   51   53   50   36255U
1284083102270 48   48   65  100  118  147  193  233  255  234  214  188   36255U
1184083102370144  104   68   58   53   51      C    C    C    C    C    C 36255U
1284083102370    C    C    C    C    C    C    C253  250  247  305  280   36255U
1184083102470228  163   95   56   51   53   57   60   60   64   70   65   36255U
1284083102470 59      C 87  141  162  186  225  271  276  279  269  230   36255U
1184083102570166  101   56   35   35   37   43   46   50   52   51   52   36255U
1284083102570 52   61   61 M100 M122 M158 M192  228 M233 M233  174  140   36255U
1184083102670116  117 M150 M 37   36   37   46      C 53   55   59   58   36255U
1284083102670 58   56   81  107  133  170  190  232  251  260  275  235   36255U
1184083102770185  114   66   59   58   58   59   59   59   64   67   72   36255U
1284083102770 72   61  100  955 M158  180  209  235  270  273  270  230   36255U
1184083102870187  122   85   76   64   61   62   62   64   73   78   78   36255U
1284083102870 81   81  112  149  184  202  229  254  291  276  289  290 M 36255U
1184083102970291 M    C269 M269 M274 M 77   77   80   76   75   82   87   36255U
1284083102970 92   99  123  168  193  221  248  318  291  243  187  175   36255U
1184083103070159  116   99   86   75   69   74   75   79   83   84   86   36255U
1284083103070 86   86  293 M329 M362 M400 M186 M293  280  231  187  164   36255U
1184083103170150  113   99   81   69   62   63   58   58   58   64   66   36255U
1284083103170 78   83  116  146  187  203  230  257  274  252  226  207   36255U
2184083104070200  162  117   81   59   59   59   59   57   58   58   58
2284083104070 56   58  106  155  186  211  232  271  276  253  251  234
2184083105070 31   30   31   31   31   31   30   29   30   30   30   30
2284083105070 30   29   30   30   30   30   30   31   31   31   31   30
118408312 170160  101   59   57   57   57   58   59   58   54   54   54   36255U
128408312 170 51   50   59   98  123  148  220  250  230  230  197  167   36255U
118408312 270127   78   59   55   53   51   54   57   58   58   59   59   36255U
128408312 270 58   57   59  103  152  146  178  187  195  191  181  162   36255U
118408312 370136   81   59   56   56   55   57   58   58   60   60   59   36255U
128408312 370 57   55   61  104  140  166  203  209  211  191  185  141   36255U
118408312 470113   63   52   51   49   48   53   56      C    C 59   59   36255U
128408312 470 58   55   58   99  126  154  190  194  207  206  187  169   36255U
118408312 570110   63   57   56   53      C    C 57      C 57   58   58   36255U
128408312 570 58   57   61  116  159  214  292  339  312  237  185  165   36255U
118408312 670102   56   36   19   18   24   35   35   38   39   33   28   36255U
128408312 670 20   19   33   79  118  164  241  231  246  235  208  147   36255U
118408312 770 95   54   24   21   19   21   30   28   24   16   15   15   36255U
128408312 770 15   15   18   52   70  124  197  278  274  250  186  118   36255U
118408312 870 69   40   25   21   20   17   25   34   38   40   40   30   36255U
128408312 870 18   16   18   58   90  113  161  188  188  185  148  144   36255U
118408312 970102   78   55   54   53   54   55   56   18   19   19   16   36255U
128408312 970 15   13   15   55   69  100  146  170  182  146      C101   36255U
1184083121070 81   33   13 M  9 M  9 M  9 M 11 M124 M124 M117 M124 M137 M 36255U
1284083121070130 M130 M169 M 61 M132 M219  302  349  291  170  131  128   36255U
1184083121170104   78   58   56   57   42   35   37   41   59   59   62   36255U
1284083121170 58   48   50   83  126  210  230  239  188  182  210  208   36255U
1184083121270205  108   47   27   16   15   16   17   18   18   19   16   36255U
1284083121270 16   14   15   59   93  145  187  230  202  186  182  151   36255U
1184083121370144   54   32   30   30   29   56   56   56   30   46   46   36255U
1284083121370 46   46   46      C 95  140  204  229  224  229  211  170   36255U
1184083121470104   73   19   11   10   14   15   15   16   16   17   16   36255U
1284083121470 12    8   13   58  117  150  228  191  225  225  231  206   36255U
1184083121570146   94   39   14   11    3   10   13   16   17   17   18   36255U
1284083121570 18   18   16   59   90  136  187  179  168  123  146  145   36255U
1184083121670101   74   38   20   15   13   13   12   14   16   18   18   36255U
1284083121670 18   17   17   41   61   83  150  158  139  143  144  145   36255U
1184083121770 75   34   17   13   11   15   17   17   16   15   16   17   36255U
1284083121770 18   18   23      C 67   97  128  143  125  124  144  122   36255U
1184083121870 79   49   21   20      C 17   18   23   20   19   26   25   36255U
1284083121870 23   22   28      C 68   97  142  189  207  190  187  178   36255U
1184083121970 89   35   18   16   14   16   23   37   15   15   15   19   36255U
1284083121970 15   11   13   37   65  102  172  195  182      C140   99   36255U
1184083122070 77   50   18   13   14   15   15   16   15   16   17   17   36255U
1284083122070 16   15   15   40   63   79  103  141  144  126  124  114   36255U
1184083122170 71   30   13   15   15   14   13   15   16   17   19   20   36255U
1284083122170 20   18   18   53   64   74   99  118  146  138  103  103   36255U
1184083122270 63   34   16   14   11   14   14   13   14   14   14   15   36255U
1284083122270 15   12   14   38   73   97   99  149  145  146  146   92   36255U
1184083122370 54   23   20 M 20 M 20   20   16   16   34   34   35   35   36255U
1284083122370 30   26   29   62   82  105  156  185  164  123  118  119   36255U
1184083122470 82   60   30   26   27   25   27   26   29   28   29   26   36255U
1284083122470 26   23   26   67   69  141  146  174  142  112  111      C 36255U
1184083122570 75   30   38   25   25   24   27   28   33   34   33   29   36255U
1284083122570 25   27   28   59   83  105  141  187  154  151  130  115   36255U
1184083122670 71   54   31   23   21   24      C 28   23   24   26   26   36255U
1284083122670 24   25   24   58   78  108  150  182  154  164  154  143   36255U
1184083122770102      C    C 19   19   20   20   19   19   20   30   24   36255U
1284083122770 25   23   22   58   76  110  144  187  189  148  147  149   36255U
1184083122870104   76   28   18   19   19   20   19   19   21   24   28   36255U
1284083122870 37   31   28   60   73  103  111  120  152  138   99   94   36255U
1184083122970 69   32   23   21   18   18   19   22   27   29   33   33   36255U
1284083122970 27   23   24   60   72  101  136  170  153  117  109   77   36255U
1184083123070 68   32   24   25   26   26   26   30   26   31   39   41   36255U
1284083123070 43   45   51   70  102  152  240  276  326  312  280      C 36255U
1184083123170    C    C    C    C    C283 M283 M283 M282 M282 M282 M282 M 36255U
1284083123170282 M281 M281 M280 M282 M281 M280 M282 M281 M280 M281 M118   36255U
2184083124070 98   54   32   22   20   20   25   28   24   26   30   28
2284083124070 25   23   26   59   83  124  172  188  188  176  151  143
2184083125070 30   29   29   30   29   30   29   31   29   30   31   31
2284083125070 31   31   31   28   31   31   31   31   31   30   30   29

