7 BOULDER           GOES2         136.86   36  255      0EMT          FR
1184084 1 170    C    C    C 25   28   30   32   31   28   30   34   34   36255U
1284084 1 170 29   31   30   58   99  144  159  211  225  186  157  146   36255U
1184084 1 270106   82   66   67   65   66   67   67   64   65   64   64   36255U
1284084 1 270 64   65   62   91  114  166  188  166  165  107  117  102   36255U
1184084 1 370 77   53   26   21   20   19   20   21   22   26   28   28   36255U
1284084 1 370 27   22   21   58   76  106  162  197  201  165  114   98   36255U
1184084 1 470    C 65   58   18   30   28   27   32   30   33   38   42   36255U
1284084 1 470 33   24   22   61  105  148  163  190  196  196  179  117   36255U
1184084 1 570 78   36   25   21   22   23   22   24   25   22   24   24   36255U
1284084 1 570 24   25   20   49   99  121  151  187  176  157  144  143   36255U
1184084 1 670 97   60   26   22   22   24   27   27   23   26   27   31   36255U
1284084 1 670 29   27   25   58   71   95  126  183  149  138  123  112   36255U
1184084 1 770 77   43   28   24   23   22   23   23   22   22   25   25   36255U
1284084 1 770 22   21   23   50   68   98  108  156  148  157  121  110   36255U
1184084 1 870 83   35   22   19   17   17   17   19   19   21   22   22   36255U
1284084 1 870 22   21   21   49   72   77  111  117  122  144  122  110   36255U
1184084 1 970 73  117 M 28   22   19   19   20   20   19   20   22   23   36255U
1284084 1 970 22   21   22   54   70  100  102  125  151  117  115  109   36255U
1184084 11070 71   33   24   21   19   19   19   23   24   22   21   23   36255U
1284084 11070 22   23   26   59   74  108  164  189  228  246  243  194   36255U
1184084 11170145  121   79   45   38   52   57   62   64   61   61   61   36255U
1284084 11170 58   37   32   65   77  107  149  159  186  160  164  148   36255U
1184084 11270 94   58   31   23   23   22   22   24   23   23   23   21   36255U
1284084 11270 20   18   19   56   75  110  147  189  158  147  140  118   36255U
1184084 11370118   63   39   19   17   18   19   19   23   21   21   20   36255U
1284084 11370 18   14   15   57   93  110  174  194  182  150  133  115   36255U
1184084 11470106   67   54   26   16   16   16   17   17   16   17   18   36255U
1284084 11470 20   17   17   56   74   93  105  128  129  130  124  131   36255U
1184084 11570102   52   29 M 20 M 18 M 18 M 27 M 28 M 28 M 28 M 28 M 26 M 36255U
1284084 11570 27 M 26 M 26 M 23 M 22 M 26 M 21 M 12 M 41 M 53 M 20 M 18 M 36255U
1184084 11670 35 M 13 M 33 M 25 M 21 M 20 M 21 M 22 M 21 M 21 M 23 M 24 M 36255U
1284084 11670 25 M 19 M 19 M 61 M 92  106  156  159  154  153  121  100   36255U
1184084 11770 77   66   50   27   21   19   20   21   20   21   22   24   36255U
1284084 11770 23   21   20   55  100  107  162  198  140  120  123  113   36255U
1184084 11870103   65   29   22      C    C 20   20   19   20   21   23   36255U
1284084 11870 24   27   28   69   84  103  119  144  165  181  198  154   36255U
1184084 11970 73   39   33   29   25   25   26   27      C 28   24   21   36255U
1284084 11970 20   19   21   72  127  172  240  196  180  155  151  122   36255U
1184084 12070102   67   34   27   28   31   34   37   39   41   48   47   36255U
1284084 12070 50   37   27   67   76  105  146  158  158  158  152  112   36255U
1184084 12170 79      C    C 32   28   23   25   27   27   27   32   31   36255U
1284084 12170 25   22   24   67   72  107  179  230  228  199  191  146   36255U
1184084 12270102   63   50   28   24   24   25   28   32   34   29   31   36255U
1284084 12270 29   25   21      C    C    C    C    C232  210  159  152   36255U
1184084 12370113   66   30   21   22   20   21   23   25   25   26   25   36255U
1284084 12370 20   17   18   55   80  105  148  208  232  195  196  164   36255U
1184084 12470164   72   47   25   23   20   20   20   23   24   29   31   36255U
1284084 12470 25   21   20   59   75  104  114  145  146  158  149  142   36255U
1184084 12570113   69   27   21   20   19   19   21   22   22   25   31   36255U
1284084 12570 28      C 75   75      C 76  146  157  207  199  157  121   36255U
1184084 12670 88   65   22   33   32   24   28   32   31   32   34   32   36255U
1284084 12670 24   19   21   69   73  114  161  175  156  117   99   76   36255U
1184084 12770 76   61   19   34   32   29   29   29   29   28   25   22   36255U
1284084 12770 25   27   28   66  102  122  172  235  168  159  187  154   36255U
1184084 12870124  105   73   35   29   24   25   24   27   29   29   28   36255U
1284084 12870 30   29   30   72  102  140  197  226  239  194  166  152   36255U
1184084 12970118   77   39   53   25   28   30   28   32   31   30   32   36255U
1284084 12970 33   29   33   73  102  122  110  147  147  104  107   75   36255U
1184084 13070 62   58   18   15   43   38   41   37   39   38   45   45   36255U
1284084 13070 49   53   52   64   96  131  160  224  231  204  184  147   36255U
1184084 13170110   76   36   32   32   34   36   37   39   35   31   29   36255U
1284084 13170 30   29   31   72  113  146  168  226  240  196  188  141   36255U
2184084 14070102   65   33   25   24   24   25   27   26   27   28   29
2284084 14070 25   24   24   62   84  107  157  188  176  158  151  122
2184084 15070 29   29   29   31   30   30   31   31   30   31   31   31
2284084 15070 31   30   31   30   29   30   30   30   31   31   31   31
1184084 2 170114  117   68   52   51   39   35   35   37   39   37   39   36255U
1284084 2 170 37   34   33   64   97  119  148  178  192  192  148  117   36255U
1184084 2 270105   72   69   30   29   28   32   32   33   34   35   35   36255U
1284084 2 270 34   31   36   77  103  143  156  206  244  247  251  245   36255U
1184084 2 370172  102   71   45   29   30   33   34   31   32   35   36   36255U
1284084 2 370 28   23   25   69  109  143  193  246  230  247  240  231   36255U
1184084 2 470202  125   75   33   32   34   35   42   56   57   38   29   36255U
1284084 2 470 23   19   23   57   74   82   94  102  108  116  142  112   36255U
1184084 2 570103   74   39   18   14   13   26   36   41   43   43   40   36255U
1284084 2 570 39   40   59   99  127  156  192  236  236  205  190  186   36255U
1184084 2 670152  112   81   70   69   65   64   63   62   62   63   62   36255U
1284084 2 670 62   62   66  107  133  159  187  246  257  241  247  271   36255U
1184084 2 770232  174  115   73   63   64   65   66   65   69   70   70   36255U
1284084 2 770 69   66   69  111  154  195  238  278  279  241  229  204   36255U
1184084 2 870187  147  106   74   66   66   67   68   68   69   69   72   36255U
1284084 2 870 73   69   73  118  183  234  285  319      C231  221  187   36255U
1184084 2 970162  124   27   34   24   23   24   16   25   26   28   27   36255U
1284084 2 970 23   21   29   91  146  185  232  261  243  199  189  192   36255U
1184084 21070160  105   71   33   27   22   19   21   21   21   22   23   36255U
1284084 21070 24   23   29   99  166  273  255  365  374  325  318  279   36255U
1184084 21170233  160  135  108   71   63   58   62   60   63   64   64   36255U
1284084 21170 53   31   33   97  117  204  283  281  269  252  239  230   36255U
1184084 21270192  155  107   36   27   20   19   20   22   24   27      C 36255U
1284084 21270 29      C 31   89  122  204  246  291  256  284  258  251   36255U
1184084 21370279  290  249  142   69   34   28   33   34   30   28   24   36255U
1284084 21370 24   23   39  103  120  177  237  327  353  284  201  148   36255U
1184084 21470 98   85   55   43   39   32   29   26   25   25   27   26   36255U
1284084 21470 21   19   33  106  147  185  195      C266  235  235  230   36255U
1184084 21570207  194  119   60   36   25   23   22   23   28   31   28   36255U
1284084 21570 24   25   40   93  115  146  180  191  190  159  160  151   36255U
1184084 21670117   99   60   37   33   29   25   24   21   20   21   27   36255U
1284084 21670 32   39   58  103  140  164  193  194  187  186  148  141   36255U
1184084 21770102   65   29   14   36   33   31   28   30   28   27   24   36255U
1284084 21770 21   23   41  100  137  186  241  242  245  230  197  189   36255U
1184084 21870156  123  104   59   52   47   39   43   46   46   43   38   36255U
1284084 21870 36   36   55   84  105  143  166  225  236  226  206  193   36255U
1184084 21970158  112   76   53   32   31   35   35   34   32   38   36   36255U
1284084 21970 34   34   52   95  141  179  272  294  353  336  284  237   36255U
1184084 22070165  143   96   54   31   28   31   31   32   36   41   38   36255U
1284084 22070 41   35   39  103  149  194  248  287  322  332  362  372   36255U
1184084 22170296  242  120   73   48   30   30   30   30   31   29   27   36255U
1284084 22170 23   19   34  115  162  237  275  309  260  244  274  287   36255U
1184084 22270249  249 M115   40   26   24   24   18   25   27   29   31   36255U
1284084 22270 23   28   42  113  170  227  260  306  345  339  341  311   36255U
1184084 22370251  186   88   54   33   24   24   26   27   30   35   39   36255U
1284084 22370 35   31   60  129  235  282  336  369  331  361  331      C 36255U
1184084 22470235  190  115   70   41   36   34   35   36   54   39   41   36255U
1284084 22470 52   53   73  125  191  261  323  363  376  366  373  321   36255U
1184084 22570248  192  116   71   54   36   32   34   39   43   46   51   36255U
1284084 22570 55   56   90  150  204  250  316  336  347  351  314  290   36255U
1184084 22670273  206  128   69   34   29   27   27   28   29   31   31   36255U
1284084 22670 31   32   69  151  204  279  317  369  407  407  360  316   36255U
1184084 22770281  244  187  107   99   64   67   67   70   71   67   65   36255U
1284084 22770 58   54   87  185  264  362  381  402  404  408  407  322   36255U
1184084 22870231  163   87   27  104   37   29   28   35   32   31   35   36255U
1284084 22870 39   45   64  170  250  322  412  415  376  304  250  248   36255U
1184084 22970229  176  124   98   66   57   44   53   58   58   55   52   36255U
1284084 22970 60   59   95  149  225  342  418  467  459  453 M453 M403   36255U
2184084 24070192  147   96   54   36   32   31   33   34   32   35   36
2284084 24070 34   33   42  103  146  194  246  289  267  247  247  234
2184084 25070 29   29   29   29   29   29   29   29   29   29   29   28
2284084 25070 29   28   29   29   29   29   29   28   28   29   29   28
1184084 3 170352  332  291  117   70   26   36   57   38   38   34   35   36255U
1284084 3 170 34   29   72  149  212  314  400  405  379  383  427  497   36255U
1184084 3 270492  409  246  151  106   63   54   45   51   54   54   33   36255U
1284084 3 270 31   29   70  163  229  324  399  445  498  499  494  413   36255U
1184084 3 370322  273  161  107   74   60   45   48   50   51   35   34   36255U
1284084 3 370 32   32   65  115  114  157  203  234  241  246  197  157   36255U
1184084 3 470123  105   62   30   16   13   11   40   41   39   40   41   36255U
1284084 3 470 37   33   62  115  188  262  523 M 41 M401  356  337  283   36255U
1184084 3 570234  165  109   72   62   50   36   35   35   33   32   34   36255U
1284084 3 570 32   32   71  142  209  281  338  363  371  373  362  334   36255U
1184084 3 670285  221  120   69   52   39   41   39   48   56   58   58   36255U
1284084 3 670 60   48   66  135  196  319  428  487  503  493  417  380   36255U
1184084 3 770322  275  156  104   63   51   32   31   33   31   30   34   36255U
1284084 3 770 35   39   74  114  112  161  208  244  240  236  207  186   36255U
1184084 3 870160  109   74   31   15   39   45   38   45   45   49   52   36255U
1284084 3 870 50   54   79  125  188  226  291  367  373  369  377  321   36255U
1184084 3 970279  247  201  107   67   61   53   36   39   54   56   53   36255U
1284084 3 970 40   36   91  164  221  277  318  318  318  290  285  275   36255U
1184084 31070266  216  182  104   64   54   40   37   36   37   35   38   36255U
1284084 31070 40   43   80  150  229  293  365  404  365  361  312  250   36255U
1184084 31170230  207  173  136   83   60   50   33   31   33   36   43   36255U
1284084 31170 38   59  105  161  225  227  273  312  327  354  358  332   36255U
1184084 31270267  186  108   31   17   16   15   13   14   13   41   33   36255U
1284084 31270 34   39  103  192  196  238  241  271  285  329  275  218   36255U
1184084 31370195  187  146   75   35   18   16    6   11   16   18   12   36255U
1284084 31370 37   35   74  118  142  171  185  181  191  208  234  226   36255U
1184084 31470191  158  106   72   59   54   55   40   30   31   33   34   36255U
1284084 31470 36   42   80  118  155  217  280  337  355  290  273  221   36255U
1184084 31570179  102   74   43   24   17   11   31   31   38   43   43   36255U
1284084 31570  8   15   62  119  121  190  244  274  280  279  244  207   36255U
1184084 31670194  149   69   16   21   16   12   12    9   12   14   16   36255U
1284084 31670 11   54  103  178  207  240  285  283  246  238  251  240   36255U
1184084 31770200  190  144   98   71   69   67   66   65   63   61   58   36255U
1284084 31770 57   15   57  103  149  195  235  236  238  206  228  209   36255U
1184084 31870188  149  109   60   33   30   27   25   20   17   35   42   36255U
1284084 31870 62   70  142  194  228  237  281  324  370  366  317  277   36255U
1184084 31970237  201  161  119  103   97   80   77   75   76   73   68   36255U
1284084 31970 62   68  119  161  196  233  275  331  363  362  332  292   36255U
1184084 32070236  162  109   71   62   62   62   61   61   63   62   61   36255U
1284084 32070 61   66  117  185  199  230  281  326  358  339  329  314   36255U
1184084 32170273  202  125   61   29   22   17   16   16   16   19   22   36255U
1284084 32170 20   31  103  191  235  288  361  414  347  331  318  293   36255U
1184084 32270257  309  223  149  122  103   99   81   68   75   89   85   36255U
1284084 32270 82   61   78  151  204  284  371  424  416  409  370  327   36255U
1184084 32370251  235  236  193  108   74   68   60   59   62   65   67   36255U
1284084 32370 67   85  120  154  162  227  257  285  281  247  243  230   36255U
1184084 32470194  180  141  100   72   58   53   46   42   48   35   19   36255U
1284084 32470 17   26   92  143  186  213  275  307  303  274  250  225   36255U
1184084 32570211  182  142   99   63   56   56   49   47   53   47   47   36255U
1284084 32570 52   59   92  102  126  156  196  235  227  206  184  165   36255U
1184084 32670157  146  102   83   58   52   43   40   42   49   52   49   36255U
1284084 32670 46   57   99  129  161  214  279  356  372  401  360  351   36255U
1184084 32770276  230  157  119   92   61   55   52   46   49   52   54   36255U
1284084 32770 54   60  100  143  177  230  273  324  360  366  395  384   36255U
1184084 32870318  230  189  123   95   79   67   62   69   80   75   75   36255U
1284084 32870 76   96  175  248  266  359  451  594  653  659  647  531   36255U
1184084 32970379  346  230  142  100   60   59   61   76   69   65   62   36255U
1284084 32970 60   64  103  133  158  231  281  301  344  316  274  262   36255U
1184084 33070315  274  192  136   65   53   55   56   55   52   50   35   36255U
1284084 33070 18   39   81  122  143  182  222  267  289  276  235  212   36255U
1184084 33170182  144  111   77   56   44   38   39   38   37   35   24   36255U
1284084 33170 15   33   88  123  143  145  186  216  232  277  293  294   36255U
2184084 34070237  201  144   99   63   54   45   40   42   48   43   42
2284084 34070 38   42   88  143  188  230  280  324  347  331  312  277
2184084 35070 31   31   31   31   31   31   31   31   31   31   31   31
1184084 4 170274  262  183  112   72   57   57   59   58   58   59   61   36255
1284084 4 170 59   64  101  104  119  144  168  187  204  184  173  155   36255
1184084 4 270143  124  110   85   59   43   20   16   16   36   34   32   36255
1284084 4 270 35   56   67   95  123  169  194  255  295  280  228  184   36255
1184084 4 370189  187  183  122   86   66   48   41   49   43   49   55   36255
1284084 4 370 59   79  100  102  122  144  168  189  227  230  229  231   36255
1184084 4 470235  188  148   92   59   48   58   58   59   59   59   59   36255
1284084 4 470 51   55   79  100  128  166  191  251  315  352  360  339   36255
1184084 4 570233  240  158   83   55   40   32   39   41   42   39   40   36255
1284084 4 570 37   57   95  119  123  149  223  268  274  276  286  271   36255
1184084 4 670265  223  167   84   36   23   14   13   13   13   13   15   36255
1284084 4 670 16   52  116  164  208  232  264  274  280  261  258  208   36255
1184084 4 770185  144   97   60   46   25   19   16   16   15   14   10   36255
1284084 4 770 12   32   95  102  120  121  147  190  247  255  232  206   36255
1184084 4 870164  135  103  100   82   58   40   39   35   36   21   15   36255
1284084 4 870 13   53  104  185  189  231  276  296  343  304  270  241   36255
1184084 4 970219  157  107   70   42   29   18   17   16   15   12    6   36255
1284084 4 970 10   35   90  143  186  198  216  230  233  246  213  186   36255
1184084 41070158  147  125   86   59   45   37   34   32   20   19   16   36255
1284084 41070 15   37   81  120  145  183  198  228  235  232      C189   36255
1184084 41170198  182  147  104   71   57   41   35   34   34   35   37   36255
1284084 41170 38   62  133  187  230  238  248  275  322  311  286  219   36255
1184084 41270172  144  121  100   79   60   56   56   56   56   55   47   36255
1284084 41270 31   58  118  177  230  286  273  315  316  294  232  208   36255
1184084 41370222  212  165  144  111   83   79   79   77   79   78   71   36255
1284084 41370 67   96  141  158  185  189  215  231  238  251  222  187   36255
1184084 41470182  163  140  112  101   55   49   43   42   46   42   42   36255
1284084 41470 41   59  102  149  190  220  275  296  274  250  208  182   36255
1184084 41570146  184  163  122      C 62   56   55   54   53   55   52   36255
1284084 41570 38   61  103  166  227  273  298  293  270  243  217  217   36255
1184084 41670208  237  141  101   60   46   41   43   54   45   46   52   36255
1284084 41670 54   66  110  148  195  235  269  292  294  272  233  208   36255
1184084 41770185  149  123   95   66   58   57   57   57   58   58   58   36255
1284084 41770 56   88  144  199  235  261  277  313  322  316  295  271   36255
1184084 41870228  186  170  108   81   61   58   58   57   57   55   40   36255
1284084 41870 35   58   89  102  123  143  150  178  188  188  184  152   36255
1184084 41970140  118  102   93   61   58   54   53   48   46   48   40   36255
1284084 41970 38   58   86  104  145  186  218  246  233  230  227  221   36255
1184084 42070189  148  137  116   84   57   55   55   55   58   59   57   36255
1284084 42070 57   89  144  188  220  229  253  270  250  235  230  243   36255
1184084 42170190  176  163  150  116  100   74   73   73   69   68   71   36255
1284084 42170 71  101      C155  198  231  281  322  329  276  237  219   36255
1184084 42270204  196  186  152  111   75   65   66   64   64   63   63   36255
1284084 42270 64  101  124  152  185  195  225  235  237  234  230  233   36255
1184084 42370236  196  195  148  113  100   68   65   65   64   61   59   36255
1284084 42370 60  105  145  187  215  239  242  266  280  319  309  246   36255
1184084 42470222  185  143  170  106   81   59   58   59   43   18   18   36255
1284084 42470 16   59  143  233  270  286  287  275  296  278  269  242   36255
1184084 42570246  208  188  130   78   62   38   33   29   29   29   30   36255
1284084 42570 32   70  100  163  254  322  362  355  284  173  120  104   36255
1184084 42670109  125  105   28   15   32   27   22   23   19    9   36   36255
1284084 42670 42   65   73   79   80  112  148  150  151  121   95   75   36255
1184084 42770 77   78   74   61   31   18   13    8   10   18   21   24   36255
1284084 42770 27   60   87  116  145  185  203  211  232  222  200  185   36255
1184084 42870181  158  124  100   61   54   41   41   41   38   38   36   36255
1284084 42870 22   59  112  156  209  273  271  273      C228  206  185   36255
1184084 42970    C153  144  140  101   62   54   50   49   43   42   36   36255
1284084 42970 30   57  101  145  188  231  231  230  232  214  208  202   36255
1184084 43070181  149  144  121   76   40   24   23   27   30   22   18   36255
1284084 43070 18   62  122  177  210  231  251  270  273  277  277  272   36255
2184084 44070189  169  143  102   72   57   48   43   48   43   42   40
2284084 44070 37   59  102  150  188  224  236  267  273  250  230  208
2184084 45070 29   30   30   30   29   30   30   30   30   30   30   30
2284084 45070 30   30   29   30   30   30   30   30   29   30   29   30
1184084 4 170274  262  183  112   72   57   57   59   58   58   59   61   36255
1284084 4 170 59   64  101  104  119  144  168  187  204  184  173  155   36255
1184084 4 270143  124  110   85   59   43   20   16   16   36   34   32   36255
1284084 4 270 35   56   67   95  123  169  194  255  295  280  228  184   36255
1184084 4 370189  187  183  122   86   66   48   41   49   43   49   55   36255
1284084 4 370 59   79  100  102  122  144  168  189  227  230  229  231   36255
1184084 4 470235  188  148   92   59   48   58   58   59   59   59   59   36255
1284084 4 470 51   55   79  100  128  166  191  251  315  352  360  339   36255
1184084 4 570233  240  158   83   55   40   32   39   41   42   39   40   36255
1284084 4 570 37   57   95  119  123  149  223  268  274  276  286  271   36255
1184084 4 670265  223  167   84   36   23   14   13   13   13   13   15   36255
1284084 4 670 16   52  116  164  208  232  264  274  280  261  258  208   36255
1184084 4 770185  144   97   60   46   25   19   16   16   15   14   10   36255
1284084 4 770 12   32   95  102  120  121  147  190  247  255  232  206   36255
1184084 4 870164  135  103  100   82   58   40   39   35   36   21   15   36255
1284084 4 870 13   53  104  185  189  231  276  296  343  304  270  241   36255
1184084 4 970219  157  107   70   42   29   18   17   16   15   12    6   36255
1284084 4 970 10   35   90  143  186  198  216  230  233  246  213  186   36255
1184084 41070158  147  125   86   59   45   37   34   32   20   19   16   36255
1284084 41070 15   37   81  120  145  183  198  228  235  232      C189   36255
1184084 41170198  182  147  104   71   57   41   35   34   34   35   37   36255
1284084 41170 38   62  133  187  230  238  248  275  322  311  286  219   36255
1184084 41270172  144  121  100   79   60   56   56   56   56   55   47   36255
1284084 41270 31   58  118  177  230  286  273  315  316  294  232  208   36255
1184084 41370222  212  165  144  111   83   79   79   77   79   78   71   36255
1284084 41370 67   96  141  158  185  189  215  231  238  251  222  187   36255
1184084 41470182  163  140  112  101   55   49   43   42   46   42   42   36255
1284084 41470 41   59  102  149  190  220  275  296  274  250  208  182   36255
1184084 41570146  184  163  122      C 62   56   55   54   53   55   52   36255
1284084 41570 38   61  103  166  227  273  298  293  270  243  217  217   36255
1184084 41670208  237  141  101   60   46   41   43   54   45   46   52   36255
1284084 41670 54   66  110  148  195  235  269  292  294  272  233  208   36255
1184084 41770185  149  123   95   66   58   57   57   57   58   58   58   36255
1284084 41770 56   88  144  199  235  261  277  313  322  316  295  271   36255
1184084 41870228  186  170  108   81   61   58   58   57   57   55   40   36255
1284084 41870 35   58   89  102  123  143  150  178  188  188  184  152   36255
1184084 41970140  118  102   93   61   58   54   53   48   46   48   40   36255
1284084 41970 38   58   86  104  145  186  218  246  233  230  227  221   36255
1184084 42070189  148  137  116   84   57   55   55   55   58   59   57   36255
1284084 42070 57   89  144  188  220  229  253  270  250  235  230  243   36255
1184084 42170190  176  163  150  116  100   74   73   73   69   68   71   36255
1284084 42170 71  101      C155  198  231  281  322  329  276  237  219   36255
1184084 42270204  196  186  152  111   75   65   66   64   64   63   63   36255
1284084 42270 64  101  124  152  185  195  225  235  237  234  230  233   36255
1184084 42370236  196  195  148  113  100   68   65   65   64   61   59   36255
1284084 42370 60  105  145  187  215  239  242  266  280  319  309  246   36255
1184084 42470222  185  143  170  106   81   59   58   59   43   18   18   36255
1284084 42470 16   59  143  233  270  286  287  275  296  278  269  242   36255
1184084 42570246  208  188  130   78   62   38   33   29   29   29   30   36255
1284084 42570 32   70  100  163  254  322  362  355  284  173  120  104   36255
1184084 42670109  125  105   28   15   32   27   22   23   19    9   36   36255
1284084 42670 42   65   73   79   80  112  148  150  151  121   95   75   36255
1184084 42770 77   78   74   61   31   18   13    8   10   18   21   24   36255
1284084 42770 27   60   87  116  145  185  203  211  232  222  200  185   36255
1184084 42870181  158  124  100   61   54   41   41   41   38   38   36   36255
1284084 42870 22   59  112  156  209  273  271  273      C228  206  185   36255
1184084 42970    C153  144  140  101   62   54   50   49   43   42   36   36255
1284084 42970 30   57  101  145  188  231  231  230  232  214  208  202   36255
1184084 43070181  149  144  121   76   40   24   23   27   30   22   18   36255
1284084 43070 18   62  122  177  210  231  251  270  273  277  277  272   36255
2184084 44070189  169  143  102   72   57   48   43   48   43   42   40
2284084 44070 37   59  102  150  188  224  236  267  273  250  230  208
2184084 45070 29   30   30   30   29   30   30   30   30   30   30   30
2284084 45070 30   30   29   30   30   30   30   30   29   30   29   30
1184084 5 170297  254  194  158   85   33   14   14   16   17   18   17   36255
1284084 5 170 27   64  100  120  125      C    C171  188  208  202  186   36255
1184084 5 270146  136  113   94   57   15   16   16   16   17   17   17   36255
1284084 5 270 16   39   58   77   91   96  100  103  121  126  117  101   36255
1184084 5 370 94   86   80   61   48   35   26   17   15   15   14   15   36255
1284084 5 370 15   58  102  144  150  165  185  196  212  213  211  209   36255
1184084 5 470212  214  177  129   83   53   37   37   37   37   36   30   36255
1284084 5 470 33   76  124  181  221  229  230  227  210  199  179  163   36255
1184084 5 570142  118  101   93   57   44   38   36   34   36   34   20   36255
1284084 5 570 23   66  103  123  145  168  182  223  215  222  204  157   36255
1184084 5 670142  147  145  102   80   56   42   36   36   35   34   32   36255
1284084 5 670 33   57   83  101  131  143  177  181  184  180  154  143   36255
1184084 5 770140  142  143  123   76   40   64   61   61   61   60   60   36255
1284084 5 770 64  117  149  191  220  204  207  206  228  239  229  211   36255
1184084 5 870187  176  157  144  103   91   63   64   78   79   66   62   36255
1284084 5 870 66  103  162  208  226  218  225  231  264  276  271  241   36255
1184084 5 970227  217  207  187  143  107   96   87   83   81   81   78   36255
1284084 5 970 82  107  160  211  235  226  230  249  257  269  231  225   36255
1184084 51070209  220  185  165  141   96   82   81   80   80   75   76   36255
1284084 51070 70  101  117  125  100  126  144  144  147  144  124  104   36255
1184084 51170102  102  100   96   60   40   23   18   17   17   18   19   36255
1284084 51170 32   78  120  140  134  143  144  147  159  156  147  142   36255
1184084 51270138  149  206 M129  100   83   77   73   69   73   66   62   36255
1284084 51270 73   98  123  132  140  146  182  192  229  229  210  204   36255
1184084 51370169  135  149  158  142  131  124  100   97   81   65   62   36255
1284084 51370 72   95  101  120  128  142  149  169  179  174  166  149   36255
1184084 51470145  142  133  111   97   75   60   60   60   64   62   60   36255
1284084 51470 64  100  144  202  252  308  314  314  314  337  319  315   36255
1184084 51570313  269  231  205  190 M 70 M 74 M 59 M 58 M 60 M 63 M 58 M 36255
1284084 51570    C121  121  131  136  137  143  163  180  186  188  185   36255
1184084 51670185  184  144      C 70   53   52   54   56   56   53   46   36255
1284084 51670 57   80  121  155  156  146  138  141  184  142  143  145   36255
1184084 51770145  143  138  118   94   59   58   53   53   48   36   43   36255
1284084 51770 55   86  102  104  121  141  143  146  154  159  143  132   36255
1184084 51870121  103   98   82   59   48   43   39   40   52   42   32   36255
1284084 51870 32   57   85  105  143  151  186  221  228  230  233  257   36255
1184084 51970    C273  253  180  123   94   70   78   63   75   73   77   36255
1284084 51970 59   79   97  105  137  166  165  174  186  190  170  141   36255
1184084 52070143  142  141  121   93   57   46      C 36   37   33   30   36255
1284084 52070 44   62   91  100  104  134  163  187      C231  191  168   36255
1184084 52170153  138  134  106   99   73   59   60   55   48   46   41   36255
1284084 52170 48   62   82  100  123  141  148  172  191  190  186  176   36255
1184084 52270159  135  122  101   62   48   38   33   20   19   30   20   36255
1284084 52270 25   57   83  129  184  229  239  263  230  188  165  165   36255
1184084 52370147  135  125  101   96   58   43   49   35   28   23   21   36255
1284084 52370 42   62   98  111  110  126  147  177  186  184  165  144   36255
1184084 52470138  128  120  100   83   57   45   38   39   41   39   42   36255
1284084 52470 55   84  104  142  145  163  193  222  227  190  161  144   36255
1184084 52570141  143  127  102   86   50   19   20      C 19   25   20   36255
1284084 52570 35   80  128  169  182  228  232  225  226  240  247  258   36255
1184084 52670229  215  170  142  100   64   60   59   59   58   40   31   36255
1284084 52670 40   69  102  143  155  172  176  170  181  170  191  187   36255
1184084 52770177  167  157  142  122   98   83   79   79   37   34   32   36255
1284084 52770 51   85  125  146  182  189  233  231  231  231  215  207   36255
1184084 52870185  167  146  131   99   59   39   23   20   36   39   40   36255
1284084 52870 53   99  143  149  167  167  170  176  180  179  185  169   36255
1184084 52970169  152  142  124   99   62   56   56   46   53   48   43   36255
1284084 52970 56   83  110  144  145  148      C169  187  186  166  146   36255
1184084 53070144  142  145  143  106   90   83   67   59   58   51   40   36255
1284084 53070 53   81  100  102   96  100  107  123  129  142  142  137   36255
1184084 53170125  122  105  116   81   46   39   35   36   38   35   29   36255
1284084 53170 43   82  120  143      C168  167  170  169  182  186  187   36255
2184084 54070146  143  143  122   94   58   52   53   49   48   39   40
2284084 54070 49   80  104  132  144  157  176  177  187  190  186  168
2184084 55070 30   31   31   30   31   31   31   30   30   31   31   31
2284084 55070 30   31   31   31   30   30   29   31   30   31   31   31
1184084 6 170186  162  159  123   84   56   47   43   38   37   39   38   36255
1284084 6 170 52   98  160  229  255  232  209  190  187  187  185  183   36255
1184084 6 270183  183  183  195  180  153  145  142  135  126  116  111   36255
1284084 6 270121  171  254  304  290  284  310  324  316  285  277  253   36255
1184084 6 370238  234  231  204  160   73   73   73   69   70   66 M 61   36255
1284084 6 370 60  108  150  207  245  273  274  286  277  269  269  269 M 36255
1184084 6 470269 M269 M269 M269 M269 M247 M247 M247 M248 M240 M232 M227 M 36255
1284084 6 470234 M254 M280 M151  146  187  190  166  193  188  187  189   36255
1184084 6 570189  169  163  150  133  110  102  101  101   99   94   72   36255
1284084 6 570 74  102  137  149  163      C164  166  171  184  180  173   36255
1184084 6 670155  149  146  130  104   95   89   90   84   84   89   79   36255
1284084 6 670 82  104  144  183  231  244  221  209  216  210  207  194   36255
1184084 6 770189  189  185  166  125  102   96   93   94   92   84   81   36255
1284084 6 770 91  118  144  150  168  154  155  152  157  173  164  152   36255
1184084 6 870147  146  146  144  119   97   78   71   66   65   67   67   36255
1284084 6 870 88  136  180  216  231  238  235  231  234  231  249  220   36255
1184084 6 970192  200  193  170  133   85   70   66   78   68   66   71   36255
1284084 6 970 93  109  119  146  162  168  179  184      C    C160  147   36255
1184084 61070144  143  147  148  123  100   96   85   80   68   63   61   36255
1284084 61070 75  117  159  198  196  198  191  193  194  196  195  195   36255
1184084 61170195  195      C194 M197 M193 M199 M196 M197 M196 M194 M192 M 36255
1284084 61170191 M197 M188 M194 M190 M189 M155 M194 M188 M191 M190 M195 M 36255
1184084 61270189 M194 M191 M190 M196 M195 M192 M200 M195 M205 M195 M195 M 36255
1284084 61270195 M195 M190  188 M186 M186  167  166  157  167  176  177   36255
1184084 61370165  171  180  167  140   98   83   75   78   80   73   63   36255
1284084 61370 68   67  122  152  178  174  183  181  177  193  204  187   36255
1184084 61470146  143  151  146  185 M185 M185 M186 M186 M186 M186 M186 M 36255
1284084 61470101 M102 M186 M238 M225 M245 M246 M262 M284 M283 M282 M282 M 36255
1184084 61570282 M282 M282 M282 M282 M282 M282 M280 M286 M283 M283 M283 M 36255
1284084 61570281 M282 M284 M285 M280 M280 M274 M319 M330 M325 M    C    C 36255
1184084 61670140 M325 M325 M324 M325 M325 M325 M325 M324 M324 M325 M325 M 36255
1284084 61670324 M324 M325 M325 M325 M325 M325 M325 M325 M    C325 M    C 36255
1184084 61770325 M325 M324 M325 M325 M314 M325 M325 M315 M324 M324 M324 M 36255
1284084 61770324 M324 M325 M325 M324 M325 M325 M325 M325 M325 M    C325 M 36255
1184084 61870314 M324 M325 M325 M325 M325 M325 M324 M325 M325 M325 M324 M 36255
1284084 61870324 M324 M325 M325 M318 M    C365 M363 M144 M115 M103 M 75 M 36255
1184084 61970 70 M 70 M 67 M 67 M 67 M 67 M 67 M 67 M 67 M 67 M 67 M 67 M 36255
1284084 61970 67 M 67 M 67 M 76 M110 M110 M110 M110 M110 M110 M110 M110 M 36255
1184084 62070110 M110 M109 M110 M109 M110 M110 M109 M110 M110 M110 M109 M 36255
1284084 62070109 M109 M110 M110 M110 M116 M115 M142 M148 M133 M118 M115 M 36255
1184084 62170115 M124 M119 M109 M112 M108 M124 M125 M110 M110 M109 M 67 M 36255
1284084 62170 85 M 80 M 68 M 82 M108 M111 M113  149  141  118  111  112   36255
1184084 62270104  106  116  116  104   77   60   38   56   58   58   42   36255
1284084 62270 57   77   80   57   62  110  116 M116 M117 M119 M119 M118 M 36255
1184084 62370116 M118 M117 M110 M119 M113 M 97   82   78   77   79   77   36255
1284084 62370 84  114  128  149  160  181  184  189  190  192 M193 M205 M 36255
1184084 62470207 M191 M196 M197 M195 M196 M195 M196 M197 M110   97   77   36255
1284084 62470 82  115  146  153  150      C152 M159 M164 M168 M160 M155 M 36255
1184084 62570155 M154 M155 M151 M145  157  146   60   50   38   37   36   36255
1284084 62570 37   62   77  111  149  149  148  157  145  155  143  146   36255
1184084 62670124  123  144  148  116   67   56   37   39   35   35   33   36255
1284084 62670 40   68   82  105  114  122  145  145  144  147  145  153   36255
1184084 62770154  148  156  156  116  102   78   77   74   67   52   34   36255
1284084 62770 38   71  100  108  108  106  107  106  108  110  112  112   36255
1184084 62870113  116  122  108  105  111  101   81   79   80   76   74   36255
1284084 62870 79  105  121  155  162  188  214  234  237  217  201  193   36255
1184084 62970166  160  155  145  124  110  103   89   80   81   80   76   36255
1284084 62970 81  110  135  148  146  147  152  151  158  162  165  186   36255
1184084 63070187  186  169  158  121  105   98   87   85   87   76   70   36255
1284084 63070 76  105  141  161  189  199  199  200  206  196  190  185   36255
2184084 64070190  192  185  182  152  132  102   91   89   89   91   77
2284084 64070 86  116  154  190  213  199  211  204  216  213  202  193
2184084 65070 30   30   29   30   30   30   30   30   30   30   30   30
2284084 65070 30   30   30   30   30   27   30   30   29   28   28   28
1184084 7 170187  190  189  160  121  103   91   82   79   77   78   77   36251
1284084 7 170 95  145  193  233  237  253  273  278  282  283  272  247   36251
1184084 7 270229  206  199  156  147  107  104   98   98   94   74   70   36251
1284084 7 270 79  123  138  207  189  191  196  178  165  155  156  149   36251
1184084 7 370143  143  146  122  111   95   73   63   80   76   77   74   36251
1284084 7 370 66  108  118  164  198  249      C233  235  195  181  162   36251
1184084 7 470147  142  108  121  104   95   70   65   64   65   62   60   36251
1284084 7 470 60   79  117  163  188  190  191  205  203  192  171  152   36251
1184084 7 570148  144  152  149  118  103   79   72   70   64   61   57   36251
1284084 7 570 56   72  101  111  121  100  149  153  151  146  144  121   36251
1184084 7 670116  118  123  131  111   76   69   66   62   58   59   56   36251
1284084 7 670 60  103  153  199  206  188  172  161  155  148  154  157   36251
1184084 7 770149  156  150  122  106   72   59   51   42   39   36  319 M 36251
1284084 7 770 36   72  108  138  146  147  148  149  145  143  145  148   36251
1184084 7 870148  149  154  147  105   68   60   54   37   37   38   34   36251
1284084 7 870 36   63  100  118  142  124  136  122  123  114  117  117   36251
1184084 7 970138  148  151  142  108   76   68   66   63   61   60   57   36251
1284084 7 970 54   71  104  121  142  145  148  147  143  141  145  124   36251
1184084 71070145  144  121  117  106   73      C    C 64   61   39   36   36251
1284084 71070 49   99  144  161  163  160  154  146  144  124  113  114   36251
1184084 71170115  118  123  123  111   95   65   60   37   49   54   43   36251
1284084 71170 57   76  113  152  185  187  190  174  164  152  156  151   36251
1184084 71270156  154  167  182  124  104   77   64   59   59   56   40   36251
1284084 71270 58   80  109  118  117  146  151  157  158  156  153  148   36251
1184084 71370124  121  117  121  107  104   84   70   49   39   34   30   36251
1284084 71370 31   60   75  101  106  107  101   75   80  105  111  112   36251
1184084 71470108  105   90   74   71   46   37   36   33   28   24   18   36251
1284084 71470 28   60   77  103  117  121  150  151  151  133  113  105   36251
1184084 71570101  100  103   35   19   37   35   35   34   36   37   35   36251
1284084 71570 35   62   73  100  106  118  128  127  128  143  123  116   36251
1184084 71670115  111  115  114   79   66   60   56   41   38   36   32   36251
1284084 71670 35   63   80  104  100  103  105  114  119  141  143  111   36251
1184084 71770111  103   98   77   66   58   36   34   35   31   27   21   36251
1284084 71770 24   38   67   84  106  104  104  105  105  105  105  105   36251
1184084 71870105  101  100   72   61   34   33   32   33   32   27   25   36251
1284084 71870 27   51   62   70   81  106  111  115  111  117  120  114   36251
1184084 71970114  112  125   79   67   42   56   38   37   37   31   26   36251
1284084 71970 28   50   73   80  100  103  100   97   89   93  105  105   36251
1184084 72070106  100   97   84   60   38   32   29   29   29   29   24   36251
1284084 72070 27   55   74  104  110  114  116  114  105  106  103  102   36251
1184084 72170107  109  108  102   64   36   31   30   31   32   31   30   36251
1284084 72170 29   42   68   82  106  113  116  112  107  107  111  105   36251
1184084 72270109  112  106  100   74   39   36   36   36   34   32   30   36251
1284084 72270 30   56   75  101  113  115  115  119  115  110  112  107   36251
1184084 72370101  102  105   77   64   46   35   35   37   37   37   34   36251
1284084 72370 35   44   81  100  107  113  114  120  125  118      C110   36251
1184084 72470107  105  117  120  107   65   38   38   39   39   39   39   36251
1284084 72470 39   39   39 M 39 M 14 M102  112  114  117  112  107  104   36251
1184084 72570 98   53   76   69   62   56   47   35   34   33   31   27   36251
1284084 72570 30   61   78  104  108  105  104  102  104  108  120  120   36251
1184084 72670115  117  119  108   73   63   60   56   38   36   34   33   36251
1284084 72670 33   60   76   81   99  102  100  103  106  106  107  105   36251
1184084 72770103  102  101   77   63   35   25   25   25   26   26   25   36251
1284084 72770 26   35   62   76   97  113  123  128  124  142      C157 M 36251
1184084 72870150 M140 M139 M140 M140 M140 M140 M140 M140 M140 M140 M140 M 36251
1284084 72870140 M140 M140 M140 M140 M140 M140 M139 M139 M139 M139 M139 M 36251
1184084 72970140 M140 M140 M140 M140 M140 M140 M140 M140 M140 M140 M140 M 36251
1284084 72970140 M140 M140 M140 M140 M140 M140 M139 M139 M139 M139 M140 M 36251
1184084 73070140 M140 M140 M140 M140 M140 M140 M140 M140 M140 M140 M140 M 36251
1284084 73070140 M140 M140 M140 M140 M140 M168 M189 M200 M206 M191 M168 M 36251
1184084 73170165 M165 M185 M165 M137 M111 M100 M 80 M 84 M 88 M 85 M 83 M 36251
1284084 73170 83 M110 M142 M152 M186 M180 M189 M201 M208 M209 M200 M225 M 36251
2184084 74070116  118  121  121  106   72   60   56   41   39   38   36
2284084 74070 36   63  101  118  121  121  142  146  143  141  143  120
2184084 75070 31   31   31   31   31   31   30   30   31   31   31   31
2284084 75070 31   31   31   31   31   31   30   31   31   31   29   31
1184084 8 170232 M189 M188 M195 M164 M121 M120 M103 M100 M 85 M 74 M 66 M 36251
1284084 8 170 66 M 79 M106 M115 M109 M109 M104 M100 M101 M104 M106 M113 M 36251
1184084 8 270114 M108 M104 M108 M 60   40   35   35   35   32   26   24   36251
1284084 8 270 28   46   74  102  106  105  110  120  122  125  129  123   36251
1184084 8 370118  108   99   75   65   48   37   37   37   36   34   32   36251
1284084 8 370 31   63   80  114  103  128  121  138  122  116  109  114   36251
1184084 8 470111  112  114  101   71   54   36   32   29   30   29   29   36251
1284084 8 470 26   40   73  101  106  108  105  110  113  111  109  104   36251
1184084 8 570107  103  100   78   62   33   35   37   48   36   34   27   36251
1284084 8 570 32   62  108  158  181  164  159  161  161  151  122  114   36251
1184084 8 670106  103  107  111   75   41   34   35   33   34   33   34   36251
1284084 8 670 32   62  101  116  149  146  146  158  150  148  146  142   36251
1184084 8 770119      C    C115   73   62   36   37   36   37   36   34   36251
1284084 8 770 33   66  120  164  161  121  144  145  146  146  145  124   36251
1184084 8 870120  119  126  147  104   82   66   60   58   36   33   33   36251
1284084 8 870 32   59   80  104  114  125  146  146  146  147  146  154   36251
1184084 8 970154  150  145  112   71   41   32   31   30   31   31   31   36251
1284084 8 970 31   59   73   78   98  106  108  112  116  113  117  150   36251
1184084 81070153  123  120   81   72   63   57   54   55   34   33   32   36251
1284084 81070 39   67   79   99  103  100  109  114  115  115  118  118   36251
1184084 81170112  109  107   82   60    4   32   38   36   35   34   34   36251
1284084 81170 34   60   69   79  102  116  145  156  156  150  145  149   36251
1184084 81270150  143  122  144   94   59   35   34   35   36   23   24   36251
1284084 81270 23   23   68   79  101  104  110  116  122  119   76   68   36251
1184084 81370 63   60   41   36   23   25   22   18   35   32   32   30   36251
1284084 81370 31   59   69  103  112  113  116  118  139  125  120  114   36251
1184084 81470114  114  114  104   74   55   35   34   34   35   34   34   36251
1284084 81470 34   62   82  121  120  158  150  160  166  141 M141 M141 M 36251
1184084 81570141 M141 M141 M141 M141 M141 M141 M141 M141 M141 M141 M141 M 36251
1284084 81570141 M141 M141 M112  117  119      C148  146  104  103  104   36251
1184084 81670106  104  100   81   67   46   39   56   39   37   34   33   36251
1284084 81670 29   35   63   91   61   63   73  102  107  109  106  103   36251
1184084 81770120  119  119  103   72   59   42   36   34   32   31   29   36251
1284084 81770 26   36   60   64   75   82   81  100  103  109  119  112   36251
1184084 81870106  101   74   63   37   30   26   28   29   30   29   25   36251
1284084 81870 25   36   71   98  101  100  101  101  103  110  110  107   36251
1184084 81970 84   79   69   59   35   31   24   25   26   23   25   23   36251
1284084 81970 21   34   66   83  110  118  121  146  187  187  151  109   36251
1184084 82070108  102  105  105   60   34   34   33   31   30   30   24   36251
1284084 82070 24   23      C 30   35   55   67   86  104   77   70   61   36251
1184084 82170 60   61   50   36      C 37   35   33   34   35   35   34   36251
1284084 82170 34   55   81  102   86   99  100   96   39 M 35 M 33 M 33 M 36251
1184084 82270 23 M 23 M 23 M 23 M 23 M 23 M 23 M 23 M 23 M 23 M 23 M 23 M 36251
1284084 82270 23 M 23 M 23 M 23 M 23 M 23 M 16 M 18 M 20 M 20 M 17 M 15 M 36251
1184084 82370 14 M 35 M 34 M 24 M 14 M 32   29   30   28   29   31   32   36251
1284084 82370 32   41   75  111  119  115  117  122  145  151  146  151   36251
1184084 82470149  147  119  110   82   68   64   61   62      C 38   34   36251
1284084 82470 36   34   58   72  103  111  119  117  113   96   77   78   36251
1184084 82570 80   78   72   65   55   33   27   26   26   24   24   23   36251
1284084 82570 22   33   61   78   90   74   79   97  108  108  102  103   36251
1184084 82670102  103  103   79   61   35   35   33   31   29   30   29   36251
1284084 82670 26   36   73  103  113  117  118  118  113  113  107  100   36251
1184084 82770101  105   99   69   51   35   29   32   32   31   31   30   36251
1284084 82770 28   48   76  105  120  141  137  174  198  197  146  120   36251
1184084 82870141  109   99   76   66   38   35   34   31   29   28   28   36251
1284084 82870 25   33   60   91  127  151  155  142  126  120  112  108   36251
1184084 82970103  101  100   73   37   32   25   23   24   22   26   25   36251
1284084 82970 23   38   69  103  119  120  107  106  113  107   98  105   36251
1184084 83070100  102   93   67   38   31   27   28   28   27   26   27   36251
1284084 83070 29   41   74   81   96  109  142  155  161  155  141  118   36251
1184084 83170105   97   73   62   35   26   31   30   28   27   29   27   36251
1284084 83170 26   34   67   94      C148  154  158  155  154  149  141   36251
2184084 84070112  108  106   82   66   40   35   34   34   32   31   30
2284084 84070 31   46   73  102  108  116  118  122  139  125  120  114
2184084 85070 31   30   30   31   30   31   31   31   31   30   31   31
2284084 85070 31   31   30   31   30   31   30   31   31   31   31   31
118408410 170108  103   70   35   29   30   31   32   30   33   33   35   26252
128408410 170 35   38   61   76   84  104  120  124  117  108  102  102   26252
118408410 270100   75      C 30   29   29   29      C    C    C 27   29   26252
128408410 270 31   37   62   72   88  105  122  111  116  104   97   61   26252
118408410 370 40   36   26   10   38   56   37   34   26   35   35   32   26252
128408410 370 28   29   59   83  109  135  150  124  131  121  111  103   26252
118408410 470100   78   60   35   29   29   30   32   32   33   34   33   26252
128408410 470 32   33   62   65  105  120  142  142  120  113  112  102   26252
118408410 570100   76   60   57   58   57   54   48   47   49   53   55   26252
128408410 570 56   55      C 78  102  113  119  119  117  111  110  117   26252
118408410 670113   81   64   60   59   59   57   56   58   55   54   52   26252
128408410 670 47   53   77  111  152  158  178  186  193  190  160  159   26252
118408410 770123  137  121   75   65   66   54   42   36   34   32   31   26252
128408410 770 29   23   36   61   69  100  110  117  117  120  134  123   26252
118408410 870122  111   62   30   23   24   26   26      C 26   27   24   26252
128408410 870 22   25   59   76  102  112  109  107  109  107  109   74   26252
118408410 970 66   36   15   34   30   21   21   21   21   20   20   20   26252
128408410 970 20   20   23      C 60  101  117  106  100   73   63   33   26252
1184084101070 18 M 21 M 21 M 21 M 21 M 21 M 21 M 21 M 22 M 21 M 21 M 21 M 26252
1284084101070 21 M 21 M 21 M 21 M 38 M 38 M 29 M 30 M 17 M121  115  102   26252
1184084101170 99   80   62   21 M 22 M 21 M 20 M 20 M 20 M 20 M 62 M 62 M 26252
1284084101170 62 M 62 M 63 M 72 M106 M148  186  189  193  187  155  144   26252
1184084101270115   83   71   47   31   32   34   34   31   32   31   34   26252
1284084101270 34   29   60   75  114  124  160  201  191  183  155  118   26252
1184084101370106   79   68   23   71   71   71   71   71   71   71   71   26252
1284084101370113  113  113  113  121  130  155  153  155  155  142  117   26252
1184084101470 98   60   28   23   26   28   30   29   32   32   30   26   26252
1284084101470 24   25   57   70   75   66   73   62   73   73   61   72   26252
1184084101570 56   62   72   71   70   69   72   70   71   72   72   72   26252
1284084101570 70   70   57   75   62   67   76  100  110  108  107   97   26252
1184084101670 63   34   16   31   29   28   28   29   29   30   29   31   26252
1284084101670 30   27   64   91  102  110  102  112  108  108  112  100   26252
1184084101770 75   67   36   30   28   26   28   29   28   28   29   71   26252
1284084101770 71   70   79   63   71   67   62   64   63   64   65   66   26252
1184084101870 54   60   32   27   28   30   30   30   29   27   28   30   26252
1284084101870 27   26   12   24   30   30   17   17   96  103   99  117   26252
1184084101970118 M139 M159 M160 M160 M160 M160 M158 M160 M161 M161 M162 M 26252
1284084101970162 M162 M139 M155 M110  109  114  111   28 M108   71   62   26252
1184084102070 74   65   24   10   42   37   33   34   33   34   31   33   26252
1284084102070 28   20   34   55   73   84  101  112  118  134  121   99   26252
1184084102170 82   64   35   22   23   23   26   30   31   30   27   25   26252
1284084102170 21   11   33   59   84   93  117  156  142  144  146  130   26252
1184084102270100   85   45   26   21   21   22   25   31   33   35   36   26252
1284084102270 36   29   38   67  100  124  147  188  181  166  138  111   26252
1184084102370 87   64   34   27   22   27   30   30   30   32   33   32   26252
1284084102370 28   21   47   77  111  140  156  158  145  134  114   93   26252
1184084102470 84   75   49   34   28   27   27   29   22   20   27   18   26252
1284084102470 16   13   42   66   99  112  121  133  116   93   92   78   26252
1184084102570 49   50   32   23   21   23   25   27   30   31   30   26   26252
1284084102570 23   18   32   62   67   98  102  112  129  128  131  110   26252
1184084102670 94   73   58   26   24   24   23   24   26   28   32   32   26252
1284084102670 29   23   34   63   97  107  114  127  129  127  132  117   26252
1184084102770 93   59   37   27   23   23   28   29   30   31   34   36   26252
1284084102770 34   30   40   54   93  104  102  126  141  134  128  106   26252
1184084102870 91   64   40   32   26   29   33   33   36   36   37   39   26252
1284084102870 42   39   40   56   71   78   98  112  142  139  144  140   26252
1184084102970 96   54   35   33   27   26   31   33   33   33   33   33   26252
1284084102970 32   31   31   31   78  100   75  114  125  106  113  116   26252
1184084103070    C    C    C    C    C    C    C    C    C    C    C    C 26252
1284084103070    C    C    C    C    C 95   99  106  119  123  108   89   26252
1184084103170 58   36   32   22   18   18   62   63   64   65   66   66   26252
1284084103170 70      C 85   65   72   74   66 M 52 M 47 M 99   96   97   26252
2184084104070 95   70   45   30   29   29   30   32   31   33   33   33
2284084104070 32   29   57   70   95  105  117  119  125  120  112  102
2184084105070 30   30   29   30   30   30   30   29   28   29   30   30
2284084105070 30   29   29   29   30   31   31   31   31   31   31   31
118408411 170 84   52   32   31   25   26   19   15   19   31   19   22   26252
128408411 170 14   29   16    8   21   66   88   97  101   90   91   82   26252
118408411 270 80   56   32   24   20   23   24   27   27   30   36   38   26252
128408411 270 37   27   51   82  110  110  112  133  151  143   90   84   26252
118408411 370 69   56   34   30   29   30   34   37   38   42   45   45   26252
128408411 370 48   42   55   74   93  139  151  150  145  134  116  116   26252
118408411 470100   59   49   39   34   37   40   42   42   43   45   45   26252
128408411 470 47   45   54   68   79  100   96  111  129  120  149  130   26252
118408411 570111   86   78   33      C 34   33   34   34   34   33   33   26252
128408411 570 31   28   44   71   96   95   98  111  106   96   86   73   26252
118408411 670 60   38   28   33   31   34   36   30   33   29   36   36   26252
128408411 670 34   34   33   34   55   67   39  103   74   55   46   43   26252
118408411 770 30    5   36   34   32   35   42   43   43   43   45   44   26252
128408411 770 41   36   53   91  112  124  157  154  184  120   95   62   26252
118408411 870 21   20    6   39   37   35   33   32   31   28   29   29   26252
128408411 870 29   29   46   62   78  113  137   81   56   29    9   35   26252
118408411 970  6   34   25   25   25   26   35   29   27   24   22   22   26252
128408411 970 22   19   32   64   95   90  106  134  153  121  109  105   26252
1184084111070 84   58   28   26   19   21   27   26   23   26   27   30   26252
1284084111070 32   27   36   87  107   98  103  116  131  111  118  115   26252
1184084111170 84   56   41   28   27   34   38   37   37   38   31   30   26252
1284084111170 27   26   44   75  102  120  133  129  131  141  129  117   26252
1184084111270101   94   35   27   21   26   33   34   36   35   34   24   26252
1284084111270 19   18   32   72   88   93  106  123  127  101   85   75   26252
1184084111370 55   34   22   20   20   22   26   25   27   28   29   28   26252
1284084111370 30   29   41   61   74   91  116  185  151  147  105   91   26252
1184084111470 77   53   32   25   24   26   26   23   23   27   29   28   26252
1284084111470 27   24   43   72   77   77   77   77   71   75   84   67   26252
1184084111570 48   22   12    7    5   13   19   21   15   14    8   41 M 26252
1284084111570 36 M 44   52   85   70   73  102  158  226  230  116   96   26252
1184084111670107   79   68   58   58   57   58   32   20   15    4    1   26252
1284084111670 17   43   55   74   93   98  107  111  105  104  105  102   26252
1184084111770 83   72   56   50   51   52   43   51   49   50   48   47   26252
1284084111770 43   43   60   61   58   79   94   92   92   76   64   68   26252
1184084111870 59   32   21   17   15   15   15   13   14   15   13   13   26252
1284084111870 14   11   20   46   60   36   53   66   67   59   51   25   26252
1184084111970  5   30   19   17   16   18   22   28   25   27   22   19   26252
1284084111970 17   15   26   62   97  104  110  113  100  100   88   70   26252
1184084112070 71   51   26   20   19   21   24   22   23   26   26   27   26252
1284084112070 21   17   28   66   94  116  119  123  119  107  104   94   26252
1184084112170 74   46   29   24   22   25   27   27   27   28   28   25   26252
1284084112170 23   20   27   52   75   76   76   75   92   67   68   50   26252
1184084112270 32    4   27   24   22   27   32   32   33   35   31   27   26252
1284084112270 29   28   31   58   68   42   53   62   69   64   50   35   26252
1184084112370 16   33   28   28   30   33   36   34   32   32   31   33   26252
1284084112370 32   28   34   70   82   93   99  107  108  106  102  100   26252
1184084112470 68   35   33   35   28      C 30   33   43   52      C 31   26252
1284084112470 32   39   51   68   78   93      C167  154  130  107   87   26252
1184084112570 67   46   38   34   30   31   34   38   38   37   40   41   26252
1284084112570 40   37   41   63   74   93  114  121  124  121  122   99   26252
1184084112670 78   44   35   25   22   26   30   30   29   30   28   24   26252
1284084112670 23   20   27   62   34   61   74   69   75   75   72   57   26252
1184084112770 35    3   28   22   23   27   34   35   35   33   31   30   26252
1284084112770 27   25   35   68   92  109  142  156  142  146  138  105   26252
1184084112870 76   43   32   25   25   30   29   32   29   25   32   32   26252
1284084112870 30   29   38   75   83   95  114  124  122  111  106  100   26252
1184084112970 55   37   19   21   21   20   22   30   34   30   38   40   26252
1284084112970 37   32   27   55   77  117  174  183  162  136  110   81   26252
1184084113070 68   41   26   32   44   70   80   86   80   87   64   53   26252
1284084113070 42   37   37   73  100  101  143  122  114  106  102   92   26252
2184084114070 68   43   30   26   25   27   32   32   31   30   31   30
2284084114070 30   28   37   68   80   94  106  118  120  106  102   85
2184084115070 30   30   30   30   29   29   30   30   30   30   29   30
2284084115070 30   30   30   30   30   30   29   30   30   30   30   30
118408412 170 65   40   26   23   23   31   36   37   37   42      C 35   26252
128408412 170 27   24   30   65   75   97  113  123  114  105   79   64   26252
118408412 270 12    5 M  5 M  5 M  5 M  5 M  5 M  5 M  5 M  5 M  5 M  5 M 26252
128408412 270  5 M  5 M  5 M  5 M  5 M  5 M  5 M  5 M  5 M  5 M  5 M    C 26252
118408412 370    C  5 M  5 M  5 M  5 M  5 M  5 M  5 M  5 M104 M115 M125 M 26252
128408412 370  5 M  5 M  5 M  5 M 37 M 37 M148  169  148  121  105   80   26252
118408412 470 54   38   19      C 18   20   22   23   21   20   21   20   26252
128408412 470 20   18   23   51   69      C147  172  191  184  142  124   26252
118408412 570 97   63   58   58   57   59   59   60   60   58   57   57   26252
128408412 570 57   55   56   81  101  123  167  174  168  187  170  146   26252
118408412 670100   60   59   55   54   57   59   60   58   59   59   60   26252
128408412 670 59   53   53   82  100  124  125  125  114  108  102   72   26252
118408412 770 52   34   22   21   17   19   19   20   21   19   22   20   26252
128408412 770 17   15   17   46   57   81  116  122  127  111   83   61   26252
118408412 870 39   17   13   12   13   15   18   17   17   16   16   16   26252
128408412 870 14   13   15   43   59   65   89  107  106  102   75   60   26252
118408412 970 43   17   12   12   11   12   14   16   16   16   17   18   26252
128408412 970 18   16   14   26   45   61  103  127  137  137   95   74   26252
1184084121070 44   18   14   13   15   18   20   20   19   20   20   20   26252
1284084121070 18   15   15   44   59   67   99  122  108   96   83      C 26252
1184084121170 56   23   16   17   17   18   18   21   22   20   20   18   26252
1284084121170 18   18   20   44   64   98  107  110  124  134  128  142   26252
1184084121270108   58   33      C 28   24   30   38   37   33   30   31   26252
1284084121270 31   27   21   48   58   61  100  122  111  106  111   95   26252
1184084121370 57   27   19   18   21   32   37   36   40   43   35   34   26252
1284084121370 37   37   36   57   74   86  129  147  166  161  129  104   26252
1184084121470 87   56   34   27   25   23   27   29   21   18   17   14   26252
1284084121470 13   10   10   41   75   84  112  129  129  117  105   83   26252
1184084121570 60   43   22   19   20   24   28   31   34   42   42   36   26252
1284084121570 31   23   28   49   63   83   94  104   86   89  100  103   26252
1184084121670 66   49   33   21   23   21   22   23   25   21   21   22   26252
1284084121670 18   15   14   36   65   95  103  131  128  119  103  112   26252
1184084121770 79   32   15   14   14   14   16   17   20   25   15   19   26252
1284084121770 17   15   14   41   62   98  121  117  112   83   72   86   26252
1184084121870 44   31   21   18   18   19   20   21   20   24   27   24   26252
1284084121870 21   19   16   37   45   60   99  121  123   91   84   68   26252
1184084121970 39   22   19   13   12   12   14   14   12   14   17   18   26252
1284084121970 18   15   16   34   49   58   79   99   95   76   76   84   26252
1184084122070 54   19   18   17   16   15   17   19   16   16   17   19   26252
1284084122070 19   16   13   22   46   61   80  110  103  112  103   99   26252
1184084122170 84   60   17   16   15   14   16   16   20   20   21   20   26252
1284084122170 17   17   18   35   47   62   87  103  104   24 M101  101   26252
1184084122270101   27   19   19   22   24   28   35   36   40   41   42   26252
1284084122270 39   34   25   42   49   61   98  131  138  104   94   62   26252
1184084122370 47   29   18   20   23   24   27   29   28   24   22   18   26252
1284084122370 19   20   23   52   56   61   73   89  103   89   90   80   26252
1184084122470 60      C 37 M 25   25   24   27   29   26   26   25   33   26252
1284084122470 34   30   26   35   46   57   78  106   95   82   81   61 M 26252
1184084122570 39   20   19   19   18   18   19   20   18   17   16   15   26252
1284084122570 14   15   13   26   43   60   71   90  100   81   80   65   26252
1184084122670 41   18   14   13   14   14   16   18   19   16   12   11   26252
1284084122670 15   15   17   42   61   99  126  129  150  157  131  102   26252
1184084122770 78   62   62   16   18   21   26   32   20   19   19   19   26252
1284084122770 19   19   21   59   95  101  141  123  107  104  116  101   26252
1184084122870 90   74   29   28   31   33   35   36   26   25   30   34   26252
1284084122870 22   10   10   33   79  134  151  145  145  120   82   76   26252
1184084122970 55   34   21   14   14   16   15   20   18   18   19   18   26252
1284084122970 18   16   16   39   62   96  104  102  118  124  101   84   26252
1184084123070 73   67   31   20   19   21   21   24   25   27   24   21   26252
1284084123070 19   17   18   43   63   86  124  110  104  108   83   64   26252
1184084123170 59   34   18   15   15   15   17   19   21   21   22   22   26252
1284084123170 20   16   15   42   63  100  135  109   78   74   57   45   26252
2184084124070 58   34   21   19   18   21   22   23   21   21   21   20
2284084124070 19   17   18   43   62   85  107  122  114  108  100   84
2184084125070 30   30   31   29   31   31   31   31   31   31   30   31
2284084125070 31   31   31   31   31   30   31   31   31   31   31   29
