7 BOULDER           GOES3         136.38   26  252      0EMT          FR
1184086 1 170 57   44   38   36   32   32   35   37   37   40   40   41   26252
1284086 1 170 39   36   35   51   63  102  142  144  128  124   78   84   26252
1184086 1 270 64   56   35   31   28   70 M 71 M 84 M101 M101 M101 M101 M 26252
1284086 1 270101 M101 M102 M101 M 71 M101 M101 M101 M101 M101 M101 M 81   26252
1184086 1 370 58   45   39   36   30   36   36   39   39   39   41   41   26252
1284086 1 370 38   33   30   46   57   70   98  119  115   88   87   79   26252
1184086 1 470 56   40   33   28   30   29   25   26   28   33   35   33   26252
1284086 1 470 29   27   28   51   60   66   86  104  100   84   89   89   26252
1184086 1 570 61   51   41   36   35   33   36   37      C 39   39   39   26252
1284086 1 570 38   37   37   56   61   63   91  104  106  100  100   82   26252
1184086 1 670 60   43   36   31   37   35   34   34   38   40   36   39   26252
1284086 1 670 41   39   37   53      C 71   96  121  123  110  128  149   26252
1184086 1 770188  146   59   40   40   40   44   48   52   50   47   42   26252
1284086 1 770 39   35   34   67   69  114  128  120  103  102  100   90   26252
1184086 1 870 75   59   52   39   38   36   35   37   39   43   43   45   26252
1284086 1 870 43   41   38   60   73   91  124  136  124  101   98  102   26252
1184086 1 970 82   52      C 39   37   36   35   36   39   41   38   37   26252
1284086 1 970 39   37   40   54   65   92  111  164  137  143  167  124   26252
1184086 11070 84   49   36   32   34   36   36   37   39   40   43   43   26252
1284086 11070 41   38   38   58   58   80  104  152  128  104  103   91   26252
1184086 11170 62   39   34   30   33   34   36   35   34   33   35   34   26252
1284086 11170 36   36   36   58   65   84  111  149  102   90   91   78   26252
1184086 11270 58   41   35   34   32   28   32   35   36   35   34   37   26252
1284086 11270 39   38   38   57   65   90  131  143  101   85   97   75   26252
1184086 11370 56   45   39   38   36   36   37   41   43   43   40   39   26252
1284086 11370 40   40   41   57   84  109  118  100   96   97  105   81   26252
1184086 11470 59   48   40   40   41   40   43   44   44   40   44   49   26252
1284086 11470 49   48   46   60   73   93  109  101   91   84   97   98   26252
1184086 11570 67   53   52   45   42   43   49   48   48   45   48   46   26252
1284086 11570 52   54   52   66   87  101  122  121  126  134  144  109   26252
1184086 11670 93   58   44   41   41   46   50   48   47   48   52   55   26252
1284086 11670 55   52   44   55   64   86  100  120  104  100  101   91   26252
1184086 11770 66   56   50   45   36   50   59   73   58   59   59   59   26252
1284086 11770 59   61   59   61   76   89  105  125  119  125  151  136   26252
1184086 11870    C    C 47   45   43   50   53   53   52   53   59   61   26252
1284086 11870 36   64   58   60   88  101  125  125  133  133  131   98   26252
1184086 11970 83      C 54   50   54   57   58   58   56   54   54   54   26252
1284086 11970 58   58   54   57   70  102  123  103   94   98  127  116   26252
1184086 12070 96   84   52   44   42   43   49   47   51   55   57      C 26252
1284086 12070 60   49   40   55   77  100  137  142  135  141  126  106   26252
1184086 12170 96   94   77   43   43   47   46   50   56   63   61   59   26252
1284086 12170 55   48   42   54   63   89  125  113  124   80   50   28   26252
1184086 12270 28   28   15    5    4   26   42   40   40   40   46   48   26252
1284086 12270 47   42   41   60   81  101  128  140  103      C    C 86   26252
1184086 12370 71   56   50   47   45   46   46   46   44   44   48   51   26252
1284086 12370 49   52   51   56   64   88  124  145  171  138   91   81   26252
1184086 12470 63   52   43   38      C 39   39   38   38   39   40   41   26252
1284086 12470 44   41   41   58   69   80  101  121  113  106   98   91   26252
1184086 12570 58   43   41   40   41   50   54   52   54   56   57   54   26252
1284086 12570 56   55   58   61   76   94  112  116  128  121   96   81   26252
1184086 12670 62   52   52   39   37   38   42      C 45   45   46   46   26252
1284086 12670 47   42   41   60   63   85   99  101  101   96   89   82   26252
1184086 12770 69   44   38   33   38   40   41   42   43   43   45   39   26252
1284086 12770 38   36   38   58   88  123  140  144  126  104  100  101   26252
1184086 12870 80   62   47   38   38   41   37   40   43   44   46   51   26252
1284086 12870 48   47   44   62   83   94   79   96  105   98   95   86   26252
1184086 12970 79   57   37   37   39   41   45   48   50   51   51   49   26252
1284086 12970 44   44   48   59   78   85  121  126  102   66  100   99   26252
1184086 13070 88   62   56   42   41   40   42   40   39   42   40   41   26252
1284086 13070 43   43   43   54   67   78  100  121  102   94   88   85   26252
1184086 13170 76   53   37   36   37   37   40   40   42   43   43   40   26252
1284086 13170 39   39   43   58   62   87  101  116  103  101   97   87   26252
2184086 14070 66   52   41   38   37   40   42   40   43   43   45   44
2284086 14070 43   42   41   58   69   90  112  121  113  101   99   89
2184086 15070 30   29   30   31   30   31   31   30   30   31   31   30
2284086 15070 31   31   31   31   30   31   31   31   31   30   30   31
1184086 2 170 74   53   36   37   40   40   42   43   38   44   44   46   26252
1284086 2 170 49   49   48   62   81   82   96  118  122  104  100   94   26252
1184086 2 270 93   61   48   40   37   35   33   37   38   39   39   41   26252
1284086 2 270 40   38   37   62   84  100  124  133  140  134  121  101   26252
1184086 2 370 85   57   43   40   40   38   39   40   39   39   40   41   26252
1284086 2 370 42   43   45   69   84      C112  135  132  127  123  102   26252
1184086 2 470 98   82   59   41   39   38   38   39   40   42   45   46   26252
1284086 2 470 44   42   48   78   96  115  127  141  145  133  104  102   26252
1184086 2 570 93   61   49      C 46   48   49   49   52   55   57   58   26252
1284086 2 570 58   57   55   76   92  105  132  143  143  138  143  126   26252
1184086 2 670123   86   59   48   44   42   43   48   50   52   54   54   26252
1284086 2 670 56   56   55   87  107  142  157  192  186  153  130  131   26252
1184086 2 770144  144  144  144  144  144  144  144  144  144  144  144   26252
1284086 2 770144  144  144  144  143  174  214  205  204  189  194  206   26252
1184086 2 870161  165  137  107  108  122  126  103   95   84   74   64   26252
1284086 2 870 60   59   71   90  100  107  116   94  118  127  221  248   26252
1184086 2 970311  190   60   45   54   65   30  103   73   66   65   66   26252
1284086 2 970 65   65   83  125  340  398  408  425  296  239  170  122   26252
1184086 21070102   89   52   37   35   32   34   24   20   20   20   21   26252
1284086 21070 21   21   32   58   82  100  128  138  153  146  136  139   26252
1184086 21170128   71   57   44   39   37   35   34   32   35   37   38   26252
1284086 21170 38   40   44   83   98  117  139  179  190  211  188  187   26252
1184086 21270145   89   56   49   38   40   40   42   44   44   47   50   26252
1284086 21270 49   44   48   72   96  109  126  163  173  178  150  145   26252
1184086 21370138   83   49      C 39   39   41   43   43   44   43   42   26252
1284086 21370 43   41   49   71   90  107  143  146  149  170  183  191   26252
1184086 21470142  102   68   44   39   33   30   30   30   33   35   38   26252
1284086 21470 38   39   47   82   92  111  145  175  158  167  146  125   26252
1184086 21570100   74   53   46   43   42   44   43   44   45   45   48   26252
1284086 21570 50   52   48   67   87   99  104  129  142  145  145  145   26252
1184086 21670147  123 M100 M 88 M 56 M 41 M 45 M 40 M 60 M 55 M 51 M 49 M 26252
1284086 21670 45 M 44 M 48 M 75 M 85 M 59 M 59 M 56 M 59 M 59 M 59 M 59 M 26252
1184086 21770 59 M 59 M 54 M 48 M 44 M 57 M 63 M 81 M 94 M101 M101 M101 M 26252
1284086 21770102 M101 M102 M    C101 M101 M101 M102 M101 M101 M101 M101 M 26252
1184086 21870102 M102 M102 M102 M102 M102 M102 M101 M984 M102 M102 M102 M 26252
1284086 21870102 M102 M 99 M102  102  100  121  129  114  138  129  107   26252
1184086 21970101   88   57   39   37   33   35   37   39   40   40   53   26252
1284086 21970 41   39   53   64   80   99  101  111  121  127  121  105   26252
1184086 22070 93   64   46   36   35   37   35   38   37   37   38   39   26252
1284086 22070 38   39   48   70   79   95  102  129  166  147  143  126   26252
1184086 22170100   87   63   47   48   45   47   55   56   56   57   56   26252
1284086 22170 53   51   52   62   85   97  102  115  139  137  124  124   26252
1184086 22270109  109   68   59   57   46   48   51   49   49   54   59   26252
1284086 22270 53   58   59   63  103  134  129  144  138  114  101  100   26252
1184086 22370102   98   76   61      C 58   57   59   59   60   61   63   26252
1284086 22370 63   61   63   84   96  106  144  153  150      C133  107   26252
1184086 22470102  101   68   62   62   62   61   60   60   59   57   57   26252
1284086 22470 58   60   53   83  101  121  145  148  148  145  136  112   26252
1184086 22570102   94   63   58   58   57   58   57   57   58   55   61   26252
1284086 22570 61   62   62   97   55  138  144  150  193  187  171  143   26252
1184086 22670103   93   59   57   55   54   51   50   48   53   53   53   26252
1284086 22670 34   56   59   97  130  146  182  211  186  149  147  139   26252
1184086 22770122  105  100   82   73   69   62   63   63   63   64   64   26252
1284086 22770 62   62   68   93  103  104  107  127  137  141  147  130   26252
1184086 22870111  103   82   70   63   62   62   65   67   68   66   71   26252
1284086 22870 78   70   94  104  122  143  165  190  212  197  159  145   26252
2184086 24070106   91   59   48   46   45   45   49   49   52   54   55
2284086 24070 53   56   54   82   96  109  130  145  149  146  144  128
2184086 25070 28   28   28   26   27   28   28   28   28   28   28   28
2284086 25070 28   28   28   27   28   27   28   28   28   27   28   28
1184086 3 170115   99   80   57   54   59   54   55   60   60   61   62   26252
1284086 3 170 62   61   74  100  104  144  183  211  188  144  139  137   26252
1184086 3 270112  105   97   63   58   58   60   58   59   58   59   58   26252
1284086 3 270 59   58   65   99  103  123  141  165  151  156  146  129   26252
1184086 3 370120   98   79   63   62   60   61   63   63   62   59   63   26252
1284086 3 370 65   64   87  103  116  122  142  147  171  149  148  147   26252
1184086 3 470165  144  100   80   60   58   58   60   60      C 59   63   26252
1284086 3 470 61   60   74  102  104  138  171  187  149  134  108  101   26252
1184086 3 570103   77   52   28   30   39   30   44   43   60   44   44   26252
1284086 3 570 46   47   58   87  106  125  163  169  176  152  147  139   26252
1184086 3 670124  102   64   58   42   38   32   32   31   16   30   39   26252
1284086 3 670 39   33   55   63   82  107  128  137  125  119  105  102   26252
1184086 3 770 86   62   57   47   48   40   35   22   22   16   24   22   26252
1284086 3 770 20   18   42   68  100  109  147  148  134  145  124  111   26252
1184086 3 870 97   83   53   34   21   19   21   18   18   16   19   18   26252
1284086 3 870 20   20   54   94  125  142  134  144  149  144  132  100   26252
1184086 3 970 81   60   40   19   16   19   21   19   18   16   20   18   26252
1284086 3 970 18   19   43   62   86  104  133  150  146  136  113  100   26252
1184086 31070 88   62   43   16   17   17   17   15   17   38   61   62   26252
1284086 31070 60   63   88  110  139  140  145      C181  183  168  145   26252
1184086 31170126  103   63   53   53   57   59   58   59   55   59   61   26252
1284086 31170 58   57   77  103  124  139  147  187  208  225  193  178   26252
1184086 31270141  107   68   62   61   61   61   62   62   59   63   63   26252
1284086 31270 63   64   82   94  104  108  137  149  161  150  145  127   26252
1184086 31370107  103   83   65   64   63   65   65   69  102   80   65   26252
1284086 31370 64   62   82   99      C139  145  168  177  175  144  144   26252
1184086 31470135  106   88   85   65   62   64   63   60   59   64   67   26252
1284086 31470 65   63   73   91  107  110  136  147  150  150  155      C 26252
1184086 31570127  103   84   61   61   61   62   63   63   59   66   68   26252
1284086 31570 67   66   93  104  105  127  146  151  145  150  150  149   26252
1184086 31670141  111   91   64   62   62   63   62   62   59   60   60   26252
1284086 31670 60   60   84  102   84  101  134  147  174  167  145  143   26252
1184086 31770130  102   70   56   54   57   58   59   59   59   59   59   26252
1284086 31770 61   62   84   99  104  108  133  144  145  144  144  143   26252
1184086 31870129  112   96   70   62   64   78   64   62   59   61   63   26252
1284086 31870 63   67   91  100  106  111  140  147  145  128  112  106   26252
1184086 31970101   97   66   62   61   63   63   62   63   59   62   64   26252
1284086 31970 63   64   71   90  101  107  119  129  139  137  128  119   26252
1184086 32070106   89   65   59   58   59   59   59   59   59   60      C 26252
1284086 32070 60   60   80   94  102  105  112  124  142  140  143  131   26252
1184086 32170121  108   96   61   60   62   63   63   64   59   76   80   26252
1284086 32170 81   80   89  101  124  145  150  147  172  146  144  127   26252
1184086 32270104  106  113   93   79   61   60   59   66   60   63      C 26252
1284086 32270 59   59   63   78   94  103  115  121  120  125  125  111   26252
1184086 32370105  101   85   59   56   55   55   56   57   43   59   58   26252
1284086 32370 58   59   80  105  116  131  135  139  139  140  142  110   26252
1184086 32470102   94   72   62   61   60   60   62   57   74   57   57   26252
1284086 32470 57   56   69   97  104  138  148  144  137  123  102  102   26252
1184086 32570 99   94   77   65   61   60   59   58   58   44   59   59   26252
1284086 32570 59   59   62   90  103  119  141  147  149      C145  139   26252
1184086 32670113  102   74   60   60   57   57   59   58   59   57   57   26252
1284086 32670 52   58   77   98  120  144  151  169  170  187  148  140   26252
1184086 32770122  108  102   98   78   71   65   59   58   44   58   58   26252
1284086 32770 57   58   61   81  100  115  142  179  181  146  142  132   26252
1184086 32870108  102   94   82   69   63   60   60   59   42   57   58   26252
1284086 32870 58   59   62   92  102  123  145  170  186  179  164  146   26252
1184086 32970132  108   96   78   56   52   49   55   57   43   59   59   26252
1284086 32970 59   61   91  103  123  144  180  182  178  148  146  144   26252
1184086 33070142  134  102   77   59   56   55   57   58   60   63   66   26252
1284086 33070 64   68   92  102  114  140  144  145  149  171  146  143   26252
1184086 33170137  125  102   85   66   59   57   53   51   55   54   58   26252
1284086 33170 59   66   94  105  125  141  148  181  188  188  168  145   26252
2184086 34070115  102   80   62   60   59   59   59   59   59   59   59
2284086 34070 59   60   77   99  104  123  142  147  150  147  144  134
2184086 35070 31   31   31   31   31   31   31   31   31   30   31   29
2284086 35070 31   31   31   31   30   31   31   30   31   30   31   30
1184086 4 170131  124  106   96   80   62   64   64   60   60   60   62   26252
1284086 4 170 60   71   85  101  112  137  149  176  178  182  170  145   26252
1184086 4 270138  104   95   84   66   62   60   58   62   61   62   68   26252
1284086 4 270 71   84   94  100  101  107  134  146  145  147  148  143   26252
1184086 4 370138  111  100   89   67   59   61   71   62   62   62   62   26252
1284086 4 370 62   62   62   62      C    C    C    C    C 62 M    C    C 26252
1184086 4 470 49 M 62 M 61 M 61 M105 M103 M104 M105 M106 M106 M106 M106 M 26252
1284086 4 470106 M106 M106 M106 M106 M 63 M 80  133  140  145  146  144   26252
1184086 4 570144  127  102   77   58   57   56   55   56   57   56   57   26252
1284086 4 570 57   60   91  103  105  129  142  144  146  146  104 M104 M 26252
1184086 4 670138 M114 M 99 M 89 M 63 M 66 M 26 M 28   35   33   33   37   26252
1284086 4 670 38   42   58   67   96   98  101  103  106  111  105  101   26252
1184086 4 770 94   66   61   58   45   45   38   27   24   22   25   34   26252
1284086 4 770 38   53   61   90  103  104  112  143  136  143  127  106   26252
1184086 4 870101   93   65   56   45   42   38   38   38   37   38   42   26252
1284086 4 870 43   53   60   80   93   99  105  138  142  130  105  102   26252
1184086 4 970 94   76   60    8   40   41   40   39   39   39   31   24   26252
1284086 4 970 18   20   47   63  100  110  139  130  106  100   99   94   26252
1184086 41070 86   87   80   60   54   46   31   20   20   17   18   17   26252
1284086 41070 12   14   19   56   69  100  128  103  101   63   56   55   26252
1184086 41170 52   51   41   18   12    7    4    4    5    4    3    5   26252
1284086 41170  5   14   25   54   59   66   90   98  100   96   83   66   26252
1184086 41270 62   55   43   35   20   16   14   12   12    9   12   11   26252
1284086 41270 11   15   30   52   60   73  100  110  128  127  101   91   26252
1184086 41370 70   56   39   17    9   39   37   40   42   40   51   60   26252
1284086 41370 59   67   78   95  103  102  102  104  112  121  129  126   26252
1184086 41470106   99   83   71   60   58   54   54   56   57   57   58   26252
1284086 41470 57   62   98  103  103  103  103  125  123  136  129  100   26252
1184086 41570 85   65   57   43   20   20   18   17   16   18   18   18   26252
1284086 41570 18   20   49   61   90  101  106  123  136  142  141  108   26252
1184086 41670101   68   62   59   49   29   22   21   23   22   21   20   26252
1284086 41670 20   34   58   62   90  100  102  108  133  121  103   94   26252
1184086 41770 79   63   58   52   40   18   17   16   19   18   18   19   26252
1284086 41770 21   46   72  102  110  103  112  130  128  136  134  105   26252
1184086 41870 98   78   61   53   40   25   24   21   21   27   21   26   26252
1284086 41870 31   40   60   84   96  101  112      C    C124  103   99   26252
1184086 41970 86   85   75   56   41   22   17   15   15   15   12   11   26252
1284086 41970 10   16   45   59   99  101  104  135  141  143  127   98   26252
1184086 42070 81   61   57   45   30   16    7      C  6    7    8    9   26252
1284086 42070  9   17   52   64  102  105  120  138  139  133  123  107   26252
1184086 42170 96   80   63   61   38   20   17   17   17   17   17   13   26252
1284086 42170 14   24   60  100  125  120      C118  129  134  111  103   26252
1184086 42270100   77   66 M 66 M 66 M    C 66 M 66 M 66 M 66 M    C 66 M 26252
1284086 42270 66 M 66 M 66 M 66 M 66 M 66 M 66 M    C 66 M 66 M 66 M 66 M 26252
1184086 42370 66 M 66 M 66 M 66 M 66 M 66 M 66 M 66 M 66 M 66 M 66 M 66 M 26252
1284086 42370 66 M 66 M 66 M 66 M 66 M 66 M 66 M 66 M 66 M 66 M 66 M 66 M 26252
1184086 42470 66 M 66 M 66 M 66 M 66 M 66 M 66 M 66 M 66 M 66 M 66 M 66 M 26252
1284086 42470 66 M 66 M 66 M 66 M 66 M 66 M 66 M 66 M 66 M 66 M 66 M 66 M 26252
1184086 42570 66 M 66 M 66 M 66 M 66 M 66 M 66 M 66 M 66 M 66 M 66 M 66 M 26252
1284086 42570 66 M 66 M 66 M 66 M 66 M 66 M 66 M 66 M 66 M 66 M 66 M 66 M 26252
1184086 42670 66 M 66 M 66 M 66 M 66 M 66 M 66 M 66 M 66 M 66 M 66 M 66 M 26252
1284086 42670 66 M 66 M 66 M 66 M 66 M 66 M 66 M 66 M 66 M 66 M 66 M 66 M 26252
1184086 42770 66 M 66 M 66 M 66 M 66 M 66 M 66 M 66 M 66 M 66 M 66 M 66 M 26252
1284086 42770 66 M 66 M 66 M 66 M 66 M 66 M 66 M    C 66 M 66 M 66 M 66 M 26252
1184086 42870 66 M 66 M 66 M 66 M 66 M 66 M 66 M 66 M 66 M 66 M 66 M 66 M 26252
1284086 42870 66 M 66 M 66 M 66 M 66 M 66 M 66 M 66 M 66 M 66 M 66 M 66 M 26252
1184086 42970 66 M 66 M 66 M 66 M 66 M 66 M 66 M 66 M 66 M 66 M 66 M 66 M 26252
1284086 42970 66 M 66 M 66 M 66 M 66 M 66 M 66 M 66 M 66 M 66 M 66 M 66 M 26252
1184086 43070 66 M 66 M 66 M 66 M 66 M 66 M 66 M 66 M 66 M 66 M 66 M 66 M 26252
1284086 43070 66 M 66 M 66 M 66 M 66 M 66 M 66 M 66 M 66 M 66 M 66 M 66 M 26252
2184086 44070103   96   89   74   59   57   55   54   49   48   51   57
2284086 44070 57   61   75  100  103  107  124  136  140  143  134  108
2184086 45070 30   30   30   30   30   29   30   29   30   30   29   30
2284086 45070 30   30   30   30   29   29   28   26   28   30   29   29
1184086 5 170 66 M 66 M 66 M 66 M 66 M 66 M 66 M 66 M 66 M 66 M 66 M 66 M 26252
1284086 5 170 66 M 66 M 66 M 66 M 66 M 66 M 66 M 66 M 66 M 66 M 66 M 66 M 26252
1184086 5 270 66 M 66 M 66 M 66 M 66 M 66 M 66 M 66 M 66 M 66 M 66 M 66 M 26252
1284086 5 270 66 M 66 M 66 M 66 M 66 M 66 M 66 M 66 M 66 M 66 M 66 M 66 M 26252
1184086 5 370 66 M 66 M 66 M 66 M 66 M 66 M 66 M 66 M 66 M 66 M 66 M 66 M 26252
1284086 5 370 66 M 66 M 66 M 66 M 66 M 66 M 66 M 66 M 66 M 66 M 66 M 66 M 26252
1184086 5 470 66 M 66 M 66 M 66 M 66 M 66 M 66 M 66 M 66 M 66 M 66 M 66 M 26252
1284086 5 470 66 M 66 M 66 M 66 M 66 M 66 M 66 M 66 M 66 M 66 M 66 M 66 M 26252
1184086 5 570 66 M 66 M 66 M 66 M 66 M 66 M 66 M 66 M 66 M 66 M 66 M 66 M 26252
1284086 5 570 66 M 66 M 66 M 66 M 66 M 66 M 66 M 66 M 66 M 66   66 M 66 M 26252
1184086 5 670 66 M 66 M 66 M 66 M 66 M 66 M 66 M 66 M 66 M 66 M 66 M 66 M 26252
1284086 5 670 66 M 66 M 66 M 66 M 66 M 66 M 66 M 66 M 66 M 66 M 66 M 66 M 26252
1184086 5 770 66 M 66 M 66 M 66 M 66 M 66 M 66 M 66 M 66 M 66 M 66 M 66 M 26252
1284086 5 770 66 M 66 M 66 M 66 M 66 M 66 M 66 M 66 M 66   66 M 66 M 66 M 26252
1184086 5 870 66 M 66 M 66 M 66 M 66 M 66 M 66 M 66 M 66 M 66 M 66 M 66 M 26252
1284086 5 870 66 M 66 M 66 M 66 M 66 M 66 M 66 M 66 M 66 M 66 M 66 M 66 M 26252
1184086 5 970 66 M 66 M 66 M 66 M 66 M 66 M 66 M 66 M 66 M 66 M 66 M 66 M 26252
1284086 5 970 66 M 66 M 66 M 66 M 66 M 66 M 66 M 66 M 66 M 66 M 66 M 66 M 26252
1184086 51070 66 M 66 M 66 M 66 M 66 M 66 M 66 M 66 M 66 M 66 M 66 M 66 M 26252
1284086 51070 66 M 66 M 66 M 66 M 66 M 66 M 66 M 66 M 66 M 66 M 66 M 66 M 26252
1184086 51170 66 M 66 M 66 M 66 M 66 M 66 M 66 M 66 M 66 M 66 M 66 M 66 M 26252
1284086 51170 66 M 66 M 66 M 66 M 66 M 66 M 66 M 66 M 66 M 66 M 66 M 66 M 26252
1184086 51270 66 M 66 M 66 M 66 M 66 M 66 M 66 M 66 M 66 M 66 M 66 M 66 M 26252
1284086 51270 66 M 66 M 66 M 66 M 66 M 66 M 66 M 66 M 66 M 66 M 66 M 66 M 26252
1184086 51370 66 M 66 M 66 M 66 M 66 M 66 M 66 M 66 M 66 M 66 M 66 M 66 M 26252
1284086 51370 66 M 66 M 66 M 66 M 66 M 66 M 66 M 66 M 66 M 66 M102   94   26252
1184086 51470    C 93   89   84      C 35   18      C 12    8 M  1 M 43   26252
1284086 51470 48   72    1 M105  119  126      C136  140  143  143  126   26252
1184086 51570114  111  101      C101 M101 M101 M    C101 M  7 M  7 M  7 M 26252
1284086 51570984 M101 M102 M    C102  104  108  132  133  131  119  108   26252
1184086 51670107  101   90   91   61   29   16      C 14   14      C    C 26252
1284086 51670 14      C 49      C 65   82   96  125   37 M143  141  128   26252
1184086 51770145      C147 M146 M133 M105 M102 M102 M102 M101 M101 M101 M 26252
1284086 51770102 M 86  100  102  102  100   93  104      C 84   88   89   26252
1184086 51870 96   97   87   94      C 18 M 30 M 30   30   31   31   33   26252
1284086 51870    C 65  101  101  120      C142  146  155  166   64 M145   26252
1184086 51970117  106  106  102   80   61      C 37      C 27   17   29   26252
1284086 51970 34      C 77  111  125  136  154  171  184  179  164  140   26252
1184086 52070 80  101  101   94   61   43   20      C 18   18   18   19   26252
1284086 52070    C 59  101  143  110   95  126  141  125  146  174 M122   26252
1184086 52170977 M127 M126 M105 M 61 M 27 M 18 M 17 M 17 M 17 M  7   17 M 26252
1284086 52170 19 M 59 M 95 M108 M 95  211 M136  141  148  147  133  104   26252
1184086 52270102  103  113  104   49   21   16   15      C 16   16   16   26252
1284086 52270 18   58    3 M107  129  127  139  143  146  166  166      C 26252
1184086 52370107  104    9 M102   82   39   17      C 14   16   16   17   26252
1284086 52370 17   46      C 83   96  101  105  121  140   43 M138  128   26252
1184086 52470103   99   89   86   58   39   19   19   19   20   18   19   26252
1284086 52470 20   55   67      C100  108  140  139  142   43 M141  144   26252
1184086 52570144  130  121    4 M 77   52   33   19   18   17   17   15   26252
1284086 52570 17   49   78   83  102  106  134  128  125  135  134  126   26252
1184086 52670106  101  103  101   57   20   16   16   18   18   19   19   26252
1284086 52670 22   50   61   89  101  108  129  147  150    8 M143  136   26252
1184086 52770124   99   97   91   57   42   30   20  189 M 20   24   24   26252
1284086 52770    C 62    8 M132  145  144  144  146  153  166  144  124   26252
1184086 52870120  125  125      C 80   48      C 19   17   18      C 17   26252
1284086 52870 25   58   60  129      C122  103  111  122  131  126  105   26252
1184086 52970108  101   95   88   58   34   21   19   20   17      C 17   26252
1284086 52970    C 59      C106   41 M145  146  145  140  116   10 M102   26252
1184086 53070100    7 M106   99   49   18   17      C 16      C 16      C 26252
1284086 53070 18      C 78  104  144  150  165  147  144  152   47 M131   26252
1184086 53170102  100  101  102      C 57   51   43   36   22   18   17   26252
1284086 53170 18      C 75    7 M 11 M134  141   41 M    C137  123   12 M 26252
2184086 54070144  568    9 M 66 M 66 M 27 M 66 M 66 M 66 M 12 M 36 M 17 M
2284086 54070 66 M 66 M 66 M 36 M578  147  150  147  155  179   10 M142
2184086 55070 30   30   31   29   28   31   29   25   29   30   28   29
2284086 55070 27   27   29   28   30   30   30   31   29   31   31   30
1184086 6 170 93   91   97   83   56   40      C 18   17      C 17      C 26252
1284086 6 170 17      C 58   81      C 98  100    7 M    C102   85   68   26252
1184086 6 270 85   86   86   76      C 20   15   15   16   16      C 16   26252
1284086 6 270 17   26   54   60   62   76   92   94   84   82   79   65   26252
1184086 6 370 65   66   78   78   42   18  156 M156 M156 M156 M    C 16   26252
1284086 6 370 17   35   57      C 75   83   87   82   80   87   96  100   26252
1184086 6 470 92   86   70   63   58   41   26   16   21   17   16      C 26252
1284086 6 470 16   24   52   60   64   79   83   85   71   77   79   67   26252
1184086 6 570 63   58   56   47   19   11    7   41   38   47   53   48   26252
1284086 6 570    C 64   83   89  100  101  108  120  125  135  128  120   26252
1184086 6 670107  101  102  100   85      C 42      C 45      C 50   47   26252
1284086 6 670 54   68   97  124  141  145  148  174  170  166  145  124   26252
1184086 6 770 80   95   91   82   69   60   59   60   57   52   51   51   26252
1284086 6 770 55      C 99      C104  112  124  132  145 M144 M141 M144 M 26252
1184086 6 870145 M145 M    C140 M 81   61   60   60   59      C 58   57   26252
1284086 6 870    C 63   87   99  103  125  133  140  138  117  104  106   26252
1184086 6 970107  106  102      C 85   66   60   54   54   54   53   53   26252
1284086 6 970    C 62      C 96  102  105  111  125  128  128  136  124   26252
1184086 61070124  108 M105 M105 M105 M105 M105 M105 M105 M105 M105 M105 M 26252
1284086 61070105 M105 M 69 M 66 M 66 M 66 M 66 M 66 M 66 M 66 M 66 M 66 M 26252
1184086 61170 66 M 66 M 66 M 66 M 66 M 66 M 66 M 66 M 66 M 66 M 66 M 66 M 26252
1284086 61170 66 M 66 M 66 M 66 M 66 M 66 M 66 M 66 M 66 M 66 M125 M125 M 26252
1184086 61270125 M102 M102 M108 M 87 M 87 M 87 M 87 M 57 M 56 M 56 M 56 M 26252
1284086 61270 56 M 56 M 56 M 56 M 56 M 56 M 56 M 56 M 56 M    C 56 M 56 M 26252
1184086 61370 56 M 56 M 56 M 56 M 56 M 56 M 56 M 56 M 56 M 56 M    C 56 M 26252
1284086 61370 56 M    C 56 M    C 56 M 56 M 56 M 56 M 56 M 56 M 56 M 56 M 26252
1184086 61470 56 M 56 M 56 M 56 M 56 M 56 M 56 M 56 M 56 M 56 M 56 M 56 M 26252
1284086 61470 56 M 56 M 56 M 56 M 56 M 56 M 56 M 56 M 56 M 56 M 56 M 56 M 26252
1184086 61570 56 M 56 M 56 M 56 M 56 M    C 56 M 56 M 56 M 56 M    C 56 M 26252
1284086 61570 56 M 56 M 56 M 56 M 56 M 56 M 56 M 56 M 56 M 56 M 56 M 56 M 26252
1184086 61670 56 M 56 M 56 M 56 M 56 M 56 M 56 M 56 M 56 M 56 M 56 M 56 M 26252
1284086 61670 56 M 56 M 56 M 56 M 56 M 56 M 56 M 56 M 56 M 56 M 56 M 56 M 26252
1184086 61770 56 M 56 M 56 M 56 M 56 M 56 M 56 M 56 M 56 M 56 M 56 M    C 26252
1284086 61770 56 M 56 M 56 M 56 M 56 M    C    C    C    C    C    C    C 26252
1184086 61870    C    C    C    C    C    C    C    C    C    C    C    C 26252
1284086 61870    C    C    C    C    C    C    C    C    C    C    C    C 26252
1184086 61970    C    C    C    C    C    C    C    C    C    C    C    C 26252
1284086 61970    C    C    C    C    C    C    C    C    C    C    C    C 26252
1184086 62070    C    C    C    C    C    C    C    C    C    C    C    C 26252
1284086 62070    C    C    C    C    C    C    C    C    C    C    C    C 26252
1184086 62170    C    C    C    C    C    C    C    C    C    C    C    C 26252
1284086 62170    C    C    C    C    C    C    C    C    C    C    C    C 26252
1184086 62270    C    C    C    C    C    C    C    C    C    C    C    C 26252
1284086 62270    C    C    C    C    C    C    C    C    C    C    C    C 26252
1184086 62370    C    C    C    C    C    C    C    C    C    C    C    C 26252
1284086 62370    C    C    C    C    C    C    C    C    C    C    C    C 26252
1184086 62470    C    C    C    C    C    C    C    C    C    C    C    C 26252
1284086 62470    C    C    C    C    C    C    C    C    C    C    C    C 26252
1184086 62570    C    C    C    C    C    C    C    C    C    C    C    C 26252
1284086 62570 59   59   59   87  101   97   84   83   91   85   82   79   26252
1184086 62670 71   65   67   64   40   17   14   12   15   16   17   16   26252
1284086 62670 18   68   55   70   94  106  119  103   94   86   83   86   26252
1184086 62770 80   80   79   73   52   26   19   17   16   16   17   16   26252
1284086 62770 17   34   57   66   87   84  103  112  122  130  124  124   26252
1184086 62870122  103  101   53   26   20   17   16   16   15   15   15   26252
1284086 62870 17   41   62   83   91   72   62   60   59   60   63   61   26252
1184086 62970 60   59   61   57   23   33   25   26   32   38   36   36   26252
1284086 62970 39   61   81   86   86   95  101  105  110  110  108  101   26252
1184086 63070100   93   88   83   74   57   54   51   47   46   45   46   26252
1284086 63070 51   63   84   97  100  100  100   96  102  104  102  112   26252
2184086 64070107  102  101   83   81   58   60   60   55   54   52   51
2284086 64070 54   63   85   96  102  105  115  128  128  128  126  122
2184086 65070 22   22   21   21   21   20   21   21   22   19   18   19
2284086 65070 20   20   22   20   22   22   22   22   21   21   22   22
1184086 7 170111  111  121  104   84   61   59   58   59   58   58   59   26252
1284086 7 170 61   83  101  120  140  143  138  130  132  110  127  123   26252
1184086 7 270120  112  108  106  101   73   66   60   60   60   59   59   26252
1284086 7 270 61   78   56   67   76   90   81   85   89   91   90   90   26252
1184086 7 370 90   82   65   60   42   21   17   17   18   18   17   15   26252
1284086 7 370 17   25   41   45   60   67   78   79   78   79   67   62   26252
1184086 7 470 51   53   54   47   24   11    2   43   43   44   43   44   26252
1284086 7 470 47   56   65   88  105  139  142  138  131  139  123  101   26252
1184086 7 570 98  101   96   78   58   45   36   36   40   41   41   40   26252
1284086 7 570 42   59   81   95  104  111  103  103  110  119  110  100   26252
1184086 7 670 90   87   89   94   79   54   49   45   42   42   42   42   26252
1284086 7 670 46   63   89  102  104  105  108  112  105  115  109  103   26252
1184086 7 770100  100  101  117  107  102   50   51   56   56   53   50   26252
1284086 7 770 53   75  105   99  103  103  101  102   89   64  103  118   26252
1184086 7 870120  125  138  140   81   69   46   37   37   38   44   48   26252
1284086 7 870 52   62   83   98  102  105  113  102  119  121  112   99   26252
1184086 7 970 81   62   60   59   50   16   16   16   17   16   17   15   26252
1284086 7 970 16   16   15   15   15   16   15   15   16   16   14   15   26252
1184086 71070 15   14   15   15   15   15   15   15   15   15   15   15   26252
1284086 71070 15      C    C 14   16      C    C 19   25  117  124   98   26252
1184086 71170 74   63   60   56   41   30   23   22   21   29   31   30   26252
1284086 71170 35   44   61      C 73   81   91   86   83   62   61   62   26252
1184086 71270 62   59   56   52   34   12   14   14   13   15   15   13   26252
1284086 71270 17   37   60   65   74   82   96  102   99   82   73   65   26252
1184086 71370 62   59   57   51   35   15   13   12   14   15   12   11   26252
1284086 71370 12   21   46   60   65   86   93   80  101 M102 M101 M100 M 26252
1184086 71470100 M 99 M 99 M100 M101 M100 M 96 M100 M100 M100 M100 M100 M 26252
1284086 71470100 M100 M100 M100 M100 M101 M101 M101 M    C101 M107 M104 M 26252
1184086 71570104 M104 M    C104 M    C104 M104 M104 M104 M    C    C104 M 26252
1284086 71570104 M104 M    C125  132  120  109  108 M108 M108 M108 M108 M 26252
1184086 71670108 M108 M106 M111 M100 M 70 M 62 M 62 M 62 M 62 M 62 M 62 M 26252
1284086 71670 62 M 62 M 62 M 61 M106 M106 M106 M106 M106 M106 M106 M106 M 26252
1184086 71770106 M    C106 M106 M106 M106 M106 M    C106 M106 M106 M106 M 26252
1284086 71770106 M106 M106 M106 M106 M106 M106 M106 M106 M    C108 M104 M 26252
1184086 71870105 M105 M108 M112 M105 M 85 M 62 M 61 M 60 M 60 M 58 M 57 M 26252
1284086 71870 56 M 68 M106 M120 M139 M132 M124 M104 M102 M105 M120 M126 M 26252
1184086 71970128 M128 M138 M125 M 95 M 63 M 58 M 59 M 59 M 58 M 49 M 46 M 26252
1284086 71970 52 M 66 M 89 M103 M119 M126 M116 M107 M106 M103 M104 M105 M 26252
1184086 72070107 M113 M113 M113 M 97 M 77 M 60 M 58 M 56 M 56 M 51 M 47 M 26252
1284086 72070 53 M    C101 M120 M137 M134 M113 M111 M122 M124 M124 M123 M 26252
1184086 72170124 M120 M124 M111 M    C 63   58   50   49   49      C 47   26252
1284086 72170 50   61   85  104  127  135  127  119  116  109  106  112   26252
1184086 72270122  125  129  132   99   68   59   58   57   54   54   49   26252
1284086 72270 48   68   99  112  117  114  102  101  101  100  101  101   26252
1184086 72370 99   93   91   94   73   56   50   50   51   51   52   53   26252
1284086 72370 53   63   95  106  110  112  113  123  125  116  104  101   26252
1184086 72470102  104  101   91   80   62   52   45   45   48   51   54   26252
1284086 72470 53   65   84   98  100  101  103  102  102  107  107  103   26252
1184086 72570109  142  140  145   87   54   40   41   41   45   46   41   26252
1284086 72570 44   33   75   89  100  101  103  227 M279 M130  129  139   26252
1184086 72670165  146  132  114   98   59   45   42   43   41   41   40   26252
1284086 72670 41   52   62   83   96  103  109  111  100  107  105  106   26252
1184086 72770103  100   81      C 60   52   44   42   43   40   40   37   26252
1284086 72770 41   58   70   82   70   83   90   96  100  101   98   96   26252
1184086 72870 87   82   81   65   58   40   37   39   40   41   40   39   26252
1284086 72870 39   48   56   71   83   99  101  103  101   98   94   90   26252
1184086 72970 95   93   87   66   52   43   38   39   39   38   38   37   26252
1284086 72970 39   55   63   81   98  103  102   95   95  101  109  120   26252
1184086 73070122  104   92   77   51   45   45   48   51   50   53   55   26252
1284086 73070 53   61   81   87   97  100  102  101  101   97   96   92   26252
1184086 73170 91   86   84   75   60   51   44   40   42   46   44   42   26252
1284086 73170 47   60   78      C 94  102  104  103  101  103  106  112   26252
2184086 74070103  102   98   99   79   56   46   44   43   45   44   47
2284086 74070 48   61   81   98  102  104  103  103  103  109  109  103
2184086 75070 31   30   30   30   29   31   31   30   31   30   29   31
1184086 8 170107  100   92   79   58   46   44   44   45   43   41   40   26252
1284086 8 170 39   56   79   98  102  102  103  104  111  119  106  100   26252
1184086 8 270 95   94   93   85   58   43   48   50   43   39   40   39   26252
1284086 8 270 40   58   82   92   94   91   96   97  100   98  100  100   26252
1184086 8 370 98   98  100  100   81      C 62   63   60   56   53   46   26252
1284086 8 370 41   56   76   92  106  114  101  101   81   81   81   81   26252
1184086 8 470 81   81   81   81   81   81   81   81   81   81   81   81   26252
1284086 8 470 81   81   81   81   81   89  100  101  104  112  111  104   26252
1184086 8 570101   93   81   65   58   46   43   43   44   44   41   40   26252
1284086 8 570 39   57   79  102  105  108  107  107  112  124  130  128   26252
1184086 8 670116  103   89   83   76   58   58   58   58   57   53   48   26252
1284086 8 670 45   59   76   84   92   95   98  101  105  109  106  103   26252
1184086 8 770100   96   95   86   61   51   51   49   50   50   52   46   26252
1284086 8 770 43   59   82   99  109  122  110  102  101  102   99  102   26252
1184086 8 870 99  100  102  105  100   63   52   50   49   49   47   46   26252
1284086 8 870 45   56   76   90  104  123  127  140  132  118  103  102   26252
1184086 8 970102  100   97   97   80   61   53   47   52   48   46   44   26252
1284086 8 970 45   62   97  114  121  125  139  146  154  150  133  126   26252
1184086 81070124  121  103  104  100   82   62   57   55   56   57   59   26252
1284086 81070 57   61   82   90   93   96  100  102  102  101  101  102   26252
1184086 81170100   94   90   82   62   59   57   58   58   59   55   47   26252
1284086 81170 48   59   85  106  127  119  108  105   98   96  100  102   26252
1184086 81270101   96   88   84   62   53   53   55   54   54   50   50   26252
1284086 81270 48   55   71   87   92  100  103  110  123  120  107      C 26252
1184086 81370    C    C    C 94   83   61   49   48   47   49   51   50   26252
1284086 81370 51   60   84  105  128  138  137  142  141  125  110  111   26252
1184086 81470103   97   96   87   68   59   57   53   56   53   54   55   26252
1284086 81470 56   60   91  103  114  102  122  127  122  109  106  106   26252
1184086 81570105  100  100   98   73   56   40   41   43   50   48   43   26252
1284086 81570 42   55   65   91  100  101  101  107  111   24 M 77   76   26252
1184086 81670105   95   89   78  229 M 57   54   53   52   52   52   91 M 26252
1284086 81670    C 57   81   97  101  101  104   69   75  118  120  123   26252
1184086 81770103   90   85   78   61   58   51   49   51   49   48   48   26252
1284086 81770 45   55   79   94  100   95   92   97  100  106  111  114   26252
1184086 81870109   98   87   80   59   50   47   49   47   48   45   45   26252
1284086 81870 45   58   84   95  103   99  100  105  121  126  124  116   26252
1184086 81970110  104   97   81   75   70   66   61   59   59   59   59   26252
1284086 81970 58   63   92  101  122  134  123  123  125  124  110  120   26252
1184086 82070126  127  107  100   87   77   69   66   61   61   62   64   26252
1284086 82070 63   68   86  101  104  130  151  153  181  182  191  178   26252
1184086 82170143  133  103   89   64   57   53   51   51   49   45   43   26252
1284086 82170 44   52   71   81   83   88   97   99   96   95   95   85   26252
1184086 82270 92   87  103  102  101  100   88   81   79   88   94   94   26252
1284086 82270 90   95  105  126  140  139  143  142  140  144  148  144   26252
1184086 82370140  141  133  109  102   92   87   83   83   84   84   83   26252
1284086 82370 82   89  102  112  129  138  136  141  145  141  130  131   26252
1184086 82470131  133  127  114  104   89   86   86   89   91   92   91   26252
1284086 82470 90   96  118  129  134  139  144  146  160  159  152  147   26252
1184086 82570144  144  129  123  115  102   97   88   86   87   87   86   26252
1284086 82570 85   94  103  111  120  127  130  137  140  141  129  116   26252
1184086 82670117  119  110  104   95   88   84   82   84   84   85   85   26252
1284086 82670 81      C    C    C149  149  146  146  143  134  132  138   26252
1184086 82770139  128  123  106  102   85   91   49   50   54   51   48   26252
1284086 82770 46   46   58   89   91  101  102   96   99   99  102   98   26252
1184086 82870 99   94   86   78   60   53   50   46   50   51   55   55   26252
1284086 82870 50   51   62   89   94  102  111  127  139  136  107  103   26252
1184086 82970102  101   92   83   69   56   53   57   59   58   58   58   26252
1284086 82970 53   58   73   81   88   99  103  102  100   98   96   88   26252
1184086 83070 85   86   74   56   43   43   40   53   55   57   58   59   26252
1284086 83070 54   57   67   85  102  122  123  124  125  139  148  138   26252
1184086 83170120  118  101   76   62   52   44   45   29   44   60   60   26252
1284086 83170 60   50   63   83   95   96   88   89   86   91   95   98   26252
2184086 84070104  100   96   86   75   58   53   53   54   54   53   50
2284086 84070 49   58   81   94  103  102  107  107  112  119  107  105
2184086 85070 30   30   30   31   31   30   31   31   31   31   31   31
2284086 85070 30   30   30   30   31   31   31   31   31   31   31   30
1184086 9 170 96   94   88   64   54   41   54   54   45   48   44   44   26252
1284086 9 170 40   44   59      C 93   93   97  100  104  115  110  106   26252
1184086 9 270101   87   82  110   61   53   47   44   44   47   44   41   26252
1284086 9 270 39   44   61      C    C    C    C    C    C    C    C    C 26252
1184086 9 370    C    C    C    C    C    C    C    C    C    C    C    C 26252
1284086 9 370    C    C    C    C    C    C    C    C    C    C    C    C 26252
1184086 9 470    C    C    C    C    C    C    C    C    C    C    C    C 26252
1284086 9 470    C    C    C    C    C    C    C    C    C    C    C    C 26252
1184086 9 570    C    C    C    C    C    C    C    C    C    C    C    C 26252
1284086 9 570    C    C    C    C    C    C    C    C    C    C    C    C 26252
1184086 9 670    C    C    C    C    C    C    C    C    C    C    C    C 26252
1284086 9 670    C    C    C    C    C    C    C    C    C    C    C    C 26252
1184086 9 770    C    C    C    C    C    C    C    C    C    C    C    C 26252
1284086 9 770    C    C    C    C    C    C    C    C    C    C    C    C 26252
1184086 9 870    C    C    C    C    C    C    C    C    C    C    C    C 26252
1284086 9 870    C    C    C    C    C    C    C    C    C    C    C    C 26252
1184086 9 970    C    C    C    C    C    C    C    C    C    C    C    C 26252
1284086 9 970    C    C    C    C    C    C    C    C    C    C    C    C 26252
1184086 91070    C    C    C    C    C    C    C    C    C    C    C    C 26252
1284086 91070    C    C    C    C    C    C    C    C    C    C    C    C 26252
1184086 91170    C    C    C    C    C    C    C    C    C    C    C    C 26252
1284086 91170    C    C    C    C    C    C    C    C    C    C    C    C 26252
1184086 91270    C    C    C    C    C    C    C    C    C    C    C    C 26252
1284086 91270    C    C    C    C    C    C    C    C    C    C    C    C 26252
1184086 91370    C    C    C    C    C    C    C    C    C    C    C    C 26252
1284086 91370    C    C    C    C    C    C    C    C    C    C    C    C 26252
1184086 91470    C    C    C    C    C    C    C    C    C    C    C    C 26252
1284086 91470    C    C    C    C    C    C    C    C    C    C    C    C 26252
1184086 91570    C    C    C    C    C    C    C    C    C    C    C    C 26252
1284086 91570    C    C    C    C    C    C    C    C    C    C    C    C 26252
1184086 91670    C    C    C    C    C    C    C    C    C    C    C    C 26252
1284086 91670    C    C    C    C    C    C    C    C    C    C    C    C 26252
1184086 91770    C    C    C    C    C    C    C    C    C    C    C    C 26252
1284086 91770    C    C    C    C    C    C    C    C    C    C    C    C 26252
1184086 91870    C    C    C    C    C    C    C    C    C    C    C    C 26252
1284086 91870    C    C    C    C    C    C    C    C    C    C    C    C 26252
1184086 91970    C    C    C    C    C    C    C    C    C    C    C    C 26252
1284086 91970    C    C    C    C    C    C    C    C    C    C    C    C 26252
1184086 92070    C    C    C    C    C    C    C    C    C    C    C    C 26252
1284086 92070    C    C    C    C    C    C    C    C    C    C    C    C 26252
1184086 92170    C    C    C    C    C    C    C    C    C    C    C    C 26252
1284086 92170    C    C    C    C    C    C    C    C    C    C    C    C 26252
1184086 92270    C    C    C    C    C    C    C    C    C    C    C    C 26252
1284086 92270    C    C    C    C    C    C    C    C    C    C    C    C 26252
1184086 92370    C    C    C    C    C    C    C    C    C    C    C    C 26252
1284086 92370    C    C    C    C    C    C    C    C    C    C    C    C 26252
1184086 92470    C    C    C    C    C    C    C    C    C    C    C    C 26252
1284086 92470    C    C    C    C    C    C    C    C    C    C    C    C 26252
1184086 92570    C    C    C    C    C    C    C    C    C    C    C    C 26252
1284086 92570    C    C    C    C    C    C    C    C    C    C    C    C 26252
1184086 92670    C    C    C    C    C    C    C    C    C    C    C    C 26252
1284086 92670    C    C    C    C    C    C    C    C    C    C    C    C 26252
1184086 92770    C    C    C    C    C    C    C    C    C    C    C    C 26252
1284086 92770    C    C    C    C    C    C    C    C    C    C    C    C 26252
1184086 92870    C    C    C    C    C    C    C    C    C    C    C    C 26252
1284086 92870    C    C    C    C    C    C    C    C    C    C    C    C 26252
1184086 92970    C    C    C    C    C    C    C    C    C    C    C    C 26252
1284086 92970    C    C    C    C    C    C    C    C    C    C    C    C 26252
1184086 93070    C    C    C    C    C    C    C    C    C    C    C    C 26252
1284086 93070    C    C    C    C    C    C    C    C    C    C    C    C 26252
2184086 94070 98   90   85   87   57   47   50   49   44   47   44   42
2284086 94070 39   44   60    0   61   93   93   97  100  104  110  106
2184086 95070  2    2    2    2    2    2    2    2    2    2    2    2
2284086 95070  2    2    2    0    1    1    1    1    1    1    1    1
118408610 170    C    C    C    C    C    C    C    C    C    C    C    C 36251
128408610 170    C    C    C    C    C    C    C    C    C    C    C    C 36251
118408610 270    C    C    C    C    C    C    C    C    C    C    C    C 36251
128408610 270    C    C    C    C    C    C    C    C    C    C    C    C 36251
118408610 370    C    C    C    C    C    C    C    C    C    C    C    C 36251
128408610 370    C    C    C    C    C    C    C    C    C    C    C    C 36251
118408610 470    C    C    C    C    C    C    C    C    C    C    C    C 36251
128408610 470    C    C    C    C    C    C    C    C    C    C    C    C 36251
118408610 570    C    C    C    C    C    C    C    C    C    C    C    C 36251
128408610 570    C    C    C    C    C    C    C    C    C    C    C    C 36251
118408610 670    C    C    C    C    C    C    C    C    C    C    C    C 36251
128408610 670    C    C    C    C    C    C    C    C    C    C    C    C 36251
118408610 770    C    C    C    C    C    C    C    C    C    C    C    C 36251
128408610 770    C    C    C    C    C    C    C    C    C    C    C    C 36251
118408610 870    C    C    C    C    C    C    C    C    C    C    C    C 36251
128408610 870    C    C    C    C    C    C    C    C    C    C    C    C 36251
118408610 970    C    C    C    C    C    C    C    C    C    C    C    C 36251
128408610 970    C    C    C    C    C    C    C    C    C    C    C    C 36251
1184086101070    C    C    C    C    C    C    C    C    C    C    C    C 36251
1284086101070    C    C    C    C    C    C    C    C    C    C    C    C 36251
1184086101170    C    C    C    C    C    C    C    C    C    C    C    C 36251
1284086101170    C    C    C    C    C    C    C    C    C    C    C    C 36251
1184086101270    C    C    C    C    C    C    C    C    C    C    C    C 36251
1284086101270    C    C    C    C    C    C    C    C    C    C    C    C 36251
1184086101370    C    C    C    C    C    C    C    C    C    C    C    C 36251
1284086101370    C    C    C    C    C    C    C    C    C    C    C    C 36251
1184086101470    C    C    C    C    C    C    C    C    C    C    C    C 36251
1284086101470    C    C    C    C    C    C    C    C    C    C    C    C 36251
1184086101570    C    C    C    C    C    C    C    C    C    C    C    C 36251
1284086101570    C    C    C    C    C    C    C    C    C    C    C    C 36251
1184086101670    C    C    C    C    C    C    C    C    C    C    C    C 36251
1284086101670    C    C    C    C    C    C    C    C    C    C    C    C 36251
1184086101770    C    C    C    C    C    C    C    C    C    C    C    C 36251
1284086101770    C    C    C    C    C    C    C    C    C    C    C    C 36251
1184086101870    C    C    C    C    C    C    C    C    C    C    C    C 36251
1284086101870    C    C    C    C    C    C    C    C    C    C    C    C 36251
1184086101970    C    C    C    C    C    C    C    C    C    C    C    C 36251
1284086101970    C    C    C    C    C    C    C    C    C    C    C    C 36251
1184086102070    C    C    C    C    C    C    C    C    C    C    C    C 36251
1284086102070    C    C    C    C    C    C    C    C    C    C    C    C 36251
1184086102170    C    C    C    C    C    C    C    C    C    C    C    C 36251
1284086102170    C    C    C    C    C    C    C    C    C    C    C    C 36251
1184086102270    C    C    C    C    C    C    C    C    C    C    C    C 36251
1284086102270    C    C    C    C    C    C    C    C    C    C    C    C 36251
1184086102370    C    C    C    C    C    C    C    C    C    C    C    C 36251
1284086102370    C    C    C    C    C    C    C    C    C    C    C    C 36251
1184086102470    C    C    C    C    C    C    C    C    C    C    C    C 36251
1284086102470    C    C    C    C    C    C    C    C    C    C    C    C 36251
1184086102570    C    C    C    C    C    C    C    C    C    C    C    C 36251
1284086102570    C    C    C    C    C    C    C    C    C    C    C    C 36251
1284086102670    C    C    C    C    C    C    C    C    C    C    C    C 36251
1184086102770    C    C    C    C    C    C    C    C    C    C    C    C 36251
1284086102770    C    C    C    C    C    C    C    C    C    C    C    C 36251
1184086102870    C    C    C    C    C    C    C    C    C    C    C    C 36251
1284086102870    C    C    C    C    C    C    C    C    C    C    C    C 36251
1184086102970    C    C    C    C    C    C    C    C    C    C    C    C 36251
1284086102970    C    C    C    C    C    C    C    C    C    C    C    C 36251
1184086103070    C    C    C    C    C    C    C    C    C    C    C    C 36251
1284086103070    C    C    C    C    C    C    C    C    C    C    C    C 36251
1184086103170    C    C    C    C    C    C    C    C    C    C    C    C 36251
1284086103170    C    C    C    C    C    C    C    C    C    C    C    C 36251
2184086104070  0    0    0    0    0    0    0    0    0    0    0    0
2284086104070  0    0    0    0    0    0    0    0    0    0    0    0
2184086105070  0    0    0    0    0    0    0    0    0    0    0    0
2284086105070  0    0    0    0    0    0    0    0    0    0    0    0
118408612 170    C    C    C    C    C    C    C    C    C    C    C    C 36251
128408612 170    C    C    C    C    C    C    C    C    C    C    C    C 36251
118408612 270    C    C    C    C    C    C    C    C    C    C    C    C 36251
128408612 270    C    C    C    C    C    C    C    C    C    C    C    C 36251
118408612 370    C    C    C    C    C    C    C    C    C    C    C    C 36251
128408612 370    C    C    C    C    C    C    C    C    C    C    C    C 36251
118408612 470    C    C    C    C    C    C    C    C    C    C    C    C 36251
128408612 470    C    C    C    C    C    C    C    C    C    C    C    C 36251
118408612 570    C    C    C    C    C    C    C    C    C    C    C    C 36251
128408612 570    C    C    C    C    C    C    C    C    C    C    C    C 36251
118408612 670463  376  337  336  367  364  392  413  447  457  436  374   36251
128408612 670337  296  298  432  562  759   36 M  0 M914  936  885  733   36251
118408612 770459  312  256  259  257  268  293  320  334  328  314  296   36251
128408612 770279  231  258  474  580  744  199 M315 M 94 M955  917  713   36251
118408612 870629  414  338  297  290  299  330  336  350  355  340  332   36251
128408612 870342  318  289  419  482  645  974   55 M 45 M 32 M951  830   36251
118408612 970    C700  409  315  286  286  304  304  329  344  367  343   36251
128408612 970333  267  273  400  556  725    3 M134 M189 M130 M138 M918   36251
1184086121070682  578  357  341  399  394  413  434  434  469  481  465   36251
1284086121070428  375  357  463  584  818  992   89 M166 M331 M300 M904   36251
1184086121170596  372  334  326  313  306  331  329  335  313  327  350   36251
1284086121170345  294  311  534      C784  931    7 M898  881  847  680   36251
1184086121270490  355  340  397  389  372  394  408  383  392  414  412   36251
1284086121270374  367  376  551  667  771  107 M157 M150 M847  885  664   36251
1184086121370    C    C    C    C    C    C    C    C    C    C    C    C 36251
1284086121370    C    C    C    C    C    C    C    C    C    C    C    C 36251
1184086121470    C    C    C    C    C    C    C    C    C    C    C    C 36251
1284086121470    C    C    C    C    C    C    C    C    C    C    C    C 36251
1184086121570    C    C    C    C    C    C    C    C    C    C    C    C 36251
1284086121570    C    C    C    C    C    C    C    C    C    C    C    C 36251
1184086121670391  285  295  295  312  288  307  314  292      C298  292   36251
1284086121670295  296  328  545  621  691   28 M194 M101 M931  971  811   36251
1184086121770482  313  288  276  274  297  313  317  315  305  333  351   36251
1284086121770334  300  307  480  578  637  951  198 M112 M897  925  729   36251
1184086121870490  387  343  323  315  329  338  362  375  395  409  404   36251
1284086121870393  369  310  464  525  658  866   71 M976  928  983   54 M 36251
1184086121970786  532  390  403  446  466  453  488  533  549  594  590   36251
1284086121970544  473  458  589  682  726  944  247 M135 M976  145 M 20 M 36251
1184086122070707  556  403  414  421  458  464  451  423  416  436  435   36251
1284086122070436  369  368  534  606  775   52 M967   37 M828   39 M742   36251
1184086122170499  421  365  324  314  307  296  291  303  277  341  379   36251
1284086122170383  337  310  515  619  818   26 M230 M276 M 22 M  3 M975   36251
1184086122270785  626  405  386  430  447  450  481  392  401  456  528   36251
1284086122270564  480  429  613  683  848   82 M553 M313 M 52 M925  805   36251
1184086122370705  452  432  397  397  437  463  446  458  486  526  581   36251
1284086122370566  497  432  585  880  884   80 M156 M216 M992  987  101 M 36251
1184086122470870  582  459  417  428  468  482  495  522  526  523  502   36251
1284086122470505  473  417  557  673  790  967   89 M 13 M  5 M897  810   36251
1184086122570491  348      C328  352  395  394  422  300  301  304  340   36251
1284086122570316  287  309  490  605  704  857   60 M919  773  760  872   36251
1184086122670547  457  385  350  306  297  334  357  402  391  422  411   36251
1284086122670405  407  401  507  637  682  972  202 M 52 M806  837  782   36251
1184086122770527  375  291  274  278  282  285  304  292  289  292  307   36251
1284086122770285  242  229  391      C650  879  132 M919  806  773  612   36251
1184086122870463  300  260  249  237  225  215  227  226  226  236  257   36251
1284086122870231  207  219  415  533  631  886   32 M799  677  787  733   36251
1184086122970352  346  259  236  231  227  228  235  239  256  267  267   36251
1284086122970258  251  261  397  477  605  804  967  727  627  827  735   36251
1184086123070409  266  251  270  287  301  304  313  317  307  330  369   36251
1284086123070357  348  371  468  517  676  934  262 M986   19 M102 M753   36251
1184086123170453  336  338  329  367  392  396  411  441  491  474  474   36251
1284086123170474  450  414  440  616  827  209 M136 M999   36 M900  772   36251
