7 BOULDER           GOES2         136.86   36  255      0EMT          FR
1184082 1 170    C290  175  101   63   49  151 M247 M 94 M 52   49   36   36255U
1284082 1 170    C 26   38      C252  328      C552  580  521  484  459   36255U
1184082 1 270404  286  200      C 83   41   35   34   36   34   39   40   36255U
1284082 1 270 36   38   52  199  242  368  511  598  579  619  620  598   36255U
1184082 1 370530  394  243  152  111   71   60   57   50   48   48   51   36255U
1284082 1 370    C 46   60  169      C412  518  625  592  605  588      C 36255U
1184082 1 470    C    C280  164  111   70   47   37   26   24   28   31   36255U
1284082 1 470 31   32   38  129  244  378  521  613  608  573  538  473   36255U
1184082 1 570382  298  202  102   62   40   26   24   27   38   30   27   36255U
1284082 1 570 28   27   34  136  224  353  498  532  525  525  445  408   36255U
1184082 1 670377  341  140   73   34   24   24   24   26   28   31   32   36255U
1284082 1 670 24   26      C151  265      C436      C568  535  513  515   36255U
1184082 1 770441  305  157  103   70   56   44   43   49   47   48   48   36255U
1284082 1 770 46   40   47  159  292  415  537  550  545  506  482  449   36255U
1184082 1 870566 M348  246  153  116   93   84   78   74   71   69   71   36255U
1284082 1 870 70   70   73  160  274  394  509  571  548  520  519  500   36255U
1184082 1 970393  286  200  125   83   71   63   61   59   60   62   59   36255U
1284082 1 970 55   54   61  138  233  293  412  440  421  445  443  359   36255U
1184082 11070303  232  143   94   67   63   65   62   63   61   62   65   36255U
1284082 11070 65   63   67  139  212  292  413  457  440  441  420  408   36255U
1184082 11170362  288  155   83   71   73   72   72   72   75   71   69   36255U
1284082 11170 68   64   66  136  221  311  416  482  451  480  467  386   36255U
1184082 11270303  240  179  102   74   74   73   72   71   74   76   78   36255U
1284082 11270 80   76   78  126  184  249  317  416  398  368  369  349   36255U
1184082 11370267  186  333 M 72   54   53   55   54   55   60   64   67   36255U
1284082 11370 67   68   62  119  178  243  327  383  397  347  315  293   36255U
1184082 11470232  169  103   64   47   47   49   50   49   51   52   51   36255U
1284082 11470 50   48   54  109  154  261  286  330  333  345  352  312   36255U
1184082 11570244  186  124   83   63   61   64   64   66      C 69   65   36255U
1284082 11570 62   66      C168  286  339  405  414  466  422  437  409   36255U
1184082 11670298  198  130  100   74   72   80   78   75   74   78   78   36255U
1284082 11670 73   70   71  135  198  262  416  457  451  460  389  390   36255U
1184082 11770296  226  149  104   86   74   82   90   90   88   84   80   36255U
1284082 11770163 M    C    C    C    C    C    C    C    C    C    C    C 36255U
1184082 11870    C    C    C    C    C    C    C    C    C    C 29 M 36 M 36255U
1284082 11870 48 M 52 M 41 M108  162  209  287  373  407  421  487  451   36255U
1184082 11970362  222  124  111   63   59   60   58   60   62   63   67   36255U
1284082 11970 69   71   76  148  215  288  360  439  396  399  391  358   36255U
1184082 12070273  202  176   98      C 60   60      C    C    C 60   55   36255U
1284082 12070 52   52   60  129  199  220  306  404  464  398  399  395   36255U
1184082 12170306      C172   84   58   53   52   54   56   56   60   67   36255U
1284082 12170 69   67   73  166  227  404  546  581  610  640  516  488   36255U
1184082 12270394  319  257  190  157  130  102  104   98  102  113  113   36255U
1284082 12270109  129  115  199  284  407  566  583  606  652  595  523   36255U
1184082 12370452  305  219  151  120   94   94   97   99   98   91   78   36255U
1284082 12370 71   67   84  194  281  383  375  512  506  475  486  444   36255U
1184082 12470383  318  218  117   94   94   83   83   86   86   89   86   36255U
1284082 12470 88   83   94  179  304  440  500  517  263 M482  512  470   36255U
1184082 12570393  282  220  118   84   74      C 80   78   76   76   76   36255U
1284082 12570 81   79   93  165  245  364  485  478  448  449  457  397   36255U
1184082 12670364  274  216  121   93   88   74   89   91   92   93   90   36255U
1284082 12670 92   77   97  170  267  368  452  509  448  482      C440   36255U
1184082 12770380  285  185  100   42   32   26   27   28   30   31   29   36255U
1284082 12770 22   18   31  152  273  371  480  546  550      C521  494   36255U
1184082 12870    C369  232   97   51   39   36   35   33   40   47   47   36255U
1284082 12870 48      C 69  162  261  367  518  602  618  579  535  479   36255U
1184082 12970387  284  182  102   55   34   36   41   44   49      C 51   36255U
1284082 12970 52   45   50  147  266  348  446  461  537  570  549  497   36255U
1184082 13070411  347  220  140      C107  106  108  103   97   86   74   36255U
1284082 13070 75   86  104  173  349  489  605  636  651  627  611  543   36255U
1184082 13170454  360  253  114   71   65   73   88  100   77   61   50   36255U
1284082 13170 44   38  105  154  248  365  423  512  587  560  536  508   36255U
2184082 14070380  286  192  102   71   64   63   62   63   60   62   65
2284082 14070 67   64   68  152  245  364  446  512  531  482  486  449
2184082 15070 27   28   30   29   28   30   29   29   29   28   30   31
2284082 15070 29   29   28   29   29   29   29   29   30   29   29   2
1184082 2 170451  349  215  127   86   65   65   56   52   53   44   33   37254U
1284082 2 170 30   26  145  238  364  447  558  598  663  819  818  838   37254U
1184082 2 270747  563  334  204  167  142  131  115  105  110  108  108   37254U
1284082 2 270114  112  114  226  300  413  493  520  548  536  545  497   37254U
1184082 2 370439  347  209  145  100   78   68   63   60   63   66   65   37254U
1284082 2 370 42   32   66  224  390  523  627  676  671  647  670  668   37254U
1184082 2 470654  428  423  282  193  115  103   93   99  102  109  107   37254U
1284082 2 470111  104  114  276  374  514  621  742  772  789  807  832   37254U
1184082 2 570643  680  471  304  160   98   91   94   91   89   78   74   37254U
1284082 2 570 70   64   77  213  345      C608  693  751  715  645  621   37254U
1184082 2 670592  495  400  239  152  105   78   75   70   66   70   74   37254U
1284082 2 670 83 M 71  108  263  435  587  625  727  760  738  675  614   37254U
1184082 2 770583  542  402  225  178  144  111  101   97   94   95   98   37254U
1284082 2 770 83   56   74  206  359  468  636  697  735  734  733  704   37254U
1184082 2 870596  491  340  239  128   80   71   62   59   63   66   62   37254U
1284082 2 870 69   73  109  236  348  523      C705  754  799      C738   37254U
1184082 2 970582  535  338  213  176  147  115   91   73   65   63   66   37254U
1284082 2 970 66   50   69  201  343  413  620  655  743  710  735  685   37254U
1184082 21070581  435  308  200      C140  101   88   73   67   56   51   37254U
1284082 21070 39   31   65  231  342  535  626  810  832  833  872  800   37254U
1184082 21170654  543  421  309  216  151  132  114  111  105  107   97   37254U
1284082 21170 76   70   90  203  354  584  709  709  675  637  665  701   37254U
1184082 21270697  653  493  309  113   63   55   62   68   74   69   56   37254U
1284082 21270 47   43   73  229  410  531  601  691  768  810  860  851   37254U
1184082 21370705  567  368  244  192  176  187  161  137  136  145  136   37254U
1284082 21370122  112  123  223  318  488  631  721  784  776  728  674   37254U
1184082 21470529  413  282  110   66   48   53   57   65   70   67      C 37254U
1284082 21470    C    C    C148  331      C    C    C    C    C756  691   37254U
1184082 21570620  522  265  163  118  104  100  100  100   92   77   71   37254U
1284082 21570 68   64  108  262  407  500  548  554  581  580  551  529   37254U
1184082 21670458  336  252  167  104   75   67   63   61   65   69   70   37254U
1284082 21670 74   75  102  199  304  395  429  460  491  482  502  466   37254U
1184082 21770447  346  271  177  105   83   73   75   82   85   93    0   37254U
1284082 21770 76   77   73  240  364  501  524  627  644  593  536  485   37254U
1184082 21870426  369  271  200  140  106   99   92   84   81   92   92   37254U
1284082 21870 97   93  109  175  259  387  457  534  520  530  525  492   37254U
1184082 21970494  489  326  237  144  102  105  105  115  128  127  109   37254U
1284082 21970 97   93  117  237  373  486  520  580  590  601  560  518   37254U
1184082 22070475  451  364  278  128  111  103   97   97  105  117  122   37254U
1284082 22070111  105  139  231  340  404  473  566      C    C594  735   37254U
1184082 22170529  426  287  192  131  104   85   78   76   80   79   89   37254U
1284082 22170 93   76  129      C    C    C399  498  516  557  590  609   37254U
1184082 22270567  469  287  237  148  109      C104  111  116  112   98   37254U
1284082 22270 83   82  117  230  364  483  672  693  713  721  677  692   37254U
1184082 22370684  584  442  419  246  198  148  120  111  106  103  101   37254U
1284082 22370 91   84  135  250  391  510  653  713  753  740  722  652   37254U
1184082 22470561  480  340  231      C    C    C    C    C    C    C    C 37254U
1284082 22470    C    C    C    C    C    C538  699  626  622  622  541   37254U
1184082 22570453  408  285  176  109   76   65   63   69   70   71   63   37254U
1284082 22570 52   49   98  235  369  549  609  612  605  591  516  456   37254U
1184082 22670389  308  225  156  126  126  115  111  106   96   94   87   37254U
1284082 22670 75   82  134  198  312  407  512  577  604  623  591  593   37254U
1184082 22770534  466  290  201  150  103   99   90   79   74   68   65   37254U
1284082 22770 56   55  121  263  401  493  574  636  667  660  598  560   37254U
1184082 22870531  432  334  236  161  117  105   97   93   87   92   91   37254U
1284082 22870 87   89  150  264  386  505  591  658  735  731  712  704   37254U
2184082 24070564  467  330  219  142  105   99   92   84   85   79   88
2284082 24070 76   74  109  230  361  496  596  658  673  685  665  660
2184082 25070 28   28   28   28   26   27   26   27   27   27   27   26
2284082 25070 26   26   26   26   26   24   26   27   26   26   27   2
1184082 3 170630  492  359  260  178  139  119  105   91   98  102  104   37254U
1284082 3 170105   94  143  252  343  441  637  738  615  552  474  516   37254U
1184082 3 270641  598  495  344  265  294  270  240  180  160   69   33   37254U
1284082 3 270 57   58  166      C387  439  501  532  532  521  514  437   37254U
1184082 3 370415  365  237  160  106   87   74   69   67   68   64   58   37254U
1284082 3 370 58   54  125  247  374  548  632  532  752  721  677  613   37254U
1184082 3 470541  454  332  237  155  133  112   92   83   81   73   73   37254U
1284082 3 470126   67  152  311  410  510  604  650  704  683      C    C 37254U
1184082 3 570    C    C    C    C    C    C    C    C    C    C    C    C 37254U
1284082 3 570    C    C    C    C    C611  654  708  733  732  708  653   37254U
1184082 3 670602  533  378  275      C148  117   96   75      C 71   70   37254U
1284082 3 670 69   70      C250  344  440  551  632  695  693  678  638   37254U
1184082 3 770    C    C384  285  212  155  118  104   91   86   83   82   37254U
1284082 3 770 75   75  157  276  373  502  589  647  699  681  671  637   37254U
1184082 3 870576  505  390  314  242  182  158  134  119  119  114  114   37254U
1284082 3 870112  112  202  355  466  580  677  741  813  808  816  759   37254U
1184082 3 970712  653  544  386  304  178  120   96   87   91   88   95   37254U
1284082 3 970104  118  206  406  536  590  744  848  839  831  747  713   37254U
1184082 31070670  652      C    C    C    C    C    C    C    C    C    C 37254U
1284082 31070121 M111 M160 M273 M394 M541 M642 M696 M680 M649 M636 M623 M 37254U
1184082 31170568 M500 M403      C    C    C    C    C    C    C    C    C 37254U
1284082 31170    C    C    C310  457  546  625  670  718  758  754  746   37254U
1184082 31270660  564  400  318  234  171  138  113  110  109  103   99   37254U
1284082 31270 95   92  161  279  430  546  637  758  819  808  766  716   37254U
1184082 31370678  578  421  258  172  119  107   84   87   86   81   79   37254U
1284082 31370 70   75  179  321  433  531  602  664  666  633  594  542   37254U
1184082 31470496  431  319  212  159  124   99   88   80   81   80   79   37254U
1284082 31470 73  102  192  313  436  534  621  709  734  729  752  676   37254U
1184082 31570625  544  443  271  199  152  132  119  113  111  110   67   37254U
1284082 31570 95   90  181  314  428  535  596  640  676  714  700  660   37254U
1184082 31670609  536  397  284  207  166  138  136  136  135  126  129   37254U
1284082 31670116  113  224  348  459  571  674  691  750  706  713  682   37254U
1184082 31770630  529  392  289  230  176  154  128  117  118  116  116   37254U
1284082 31770113  112  225  371  495  609  719  755  798  782  769  757   37254U
1184082 31870680  636  494  331  241  216  204  182  190  176  152  151   37254U
1284082 31870131  142  265  371  461  525  577  655  647  638  587  542   37254U
1184082 31970461  413  328  228  169  152  149  145  118  112  108  110   37254U
1284082 31970109  114  242  308  422  480  647  681  709  677  660  632   37254U
1184082 32070589  503  365  245  182  137  115  105   92  101   99  104   37254U
1284082 32070103  111  192  286  388  487  566  654  663  669  623  611   37254U
1184082 32170577  500  411  273  193  158  138  128  118  126  115  108   37254U
1284082 32170 84   87  178  291  412  469  568  669  663  687  662  609   37254U
1184082 32270566  507  442  327  222  197  157  156  154  141  127  114   37254U
1284082 32270112  113  129  152  190  241  326  373  374  375  330  311   37254U
1184082 32370303  272  251  155  115   96   72   68   65   66   63   59   37254U
1284082 32370 63   80  164  246  329  417  493  530  545  513  503  485   37254U
1184082 32470448  375  287  221  166  142  115  103   91   77   76   71   37254U
1284082 32470 71   98  225  319  406  478  577  642  669  669  639  552   37254U
1184082 32570481  413  302  223  163  140  111  108   93   86   88   89   37254U
1284082 32570 83  102  153  197  267  336  405  512  543  536  499  460   37254U
1184082 32670398  348  267  179  137  114   92   83   85   81   74   81   37254U
1284082 32670 76   98  199  282  370  445  544  639  698  650  626  577   37254U
1184082 32770538  458  304  223  174  134  114  104   96   99   86   86   37254U
1284082 32770 82  112  197  286  394  495  584  644  663  668  621  548   37254U
1184082 32870494  419  312  195  132  111   96   88   90   88   78   74   37254U
1284082 32870 68   76  156  237  297  362  421  461  478  502  500  461   37254U
1184082 32970442  287  261  179  135  116   92   89  105  111  103  112   37254U
1284082 32970108   98  155  243  325  413  488  540  530  507  511  478   37254U
1184082 33070449  365  280  220  171  120  113  126  131  136  124  108   37254U
1284082 33070 81  109  241  369  458  567  638  679  692  681  657  595   37254U
1184082 33170532  441  349  245  195  153  124  125  121  126  143  123   37254U
1284082 33170102  112  201  281  370  454  545  626  696      C640  532   37254U
2184082 34070576  500  365  251  178  145  117  105   94  101   93   92
2284082 34070 95   98  186  291  408  502  596  654  695  681  658  610
2184082 35070 29   29   29   28   27   28   28   28   28   27   28   28
2284082 35070 29   29   28   29   30   31   31   31   31   30   30   30
1184082 4 170455      C324  248  190  141  112   95   91   89   88   80   37254U
1284082 4 170 79   97  227  302  397  356  586  674  465  728  706  716   37254U
1184082 4 270647  552  444      C233  199  167  184  198  168  181  192   37254U
1284082 4 270178  192  263  374  439  536  596  669  592  581  510  474   37254U
1184082 4 370409  349  280  209  146  120  114  114  115  120  133  123   37254U
1284082 4 370111  164  279  332  380  455  541  591  551  503  438  403   37254U
1184082 4 470350  328  277  205  143  102   92   83   92  107  113  117   37254U
1284082 4 470117  153      C333  416  497  594  676  691  687  676  597   37254U
1184082 4 570569  470  375  177  192  132  111  106  113  116  111  112   37254U
1284082 4 570116  166  287  375  482  561  664  713  743  701  653      C 37254U
1184082 4 670521  503  397  279  279  169  142  130  129  124  118  111   37254U
1284082 4 670 97  145  199  239  262  303  334  345  358  321  295  251   37254U
1184082 4 770253  245  194  154  122  100   79   73   70   63   50   46   37254U
1284082 4 770 44   96  198  288  368  346  512  544  589  607  592  546   37254U
1184082 4 870513  451  370  260  191  155  130  111  111  117  123  125   37254U
1284082 4 870113  121  218  322  413  523  612  662  652  668  657  630   37254U
1184082 4 970576  489  406  290  229  171  163  161  163  150  141  133   37254U
1284082 4 970126  156  209  264  318  388  462  540  581  592  574  508   37254U
1184082 41070456  413  336  265  187  149  140  144  148  153  157  161   37254U
1284082 41070155  185  272  197  202  261  289  316  371  487  546  509   37254U
1184082 41170387  282  239  172  122  105  110   94   84   88   84   82   37254U
1284082 41170 89  146  240  289  338  422  472  579  579  524  463  420   37254U
1184082 41270369  333  295  237  165  193  120  121  122  118  109  109   37254U
1284082 41270103  158  249  356  429  474  545  592  598  632  623  548   37254U
1184082 41370478  398  312  237  192  172  164  167  164  161  151  125   37254U
1284082 41370117  157  237  316  381  459  491  534  555  540  519  491   37254U
1184082 41470482  444  355  267  201  165  155  153  137  123  123  125   37254U
1284082 41470128  194  291  386  447  511  580  597  601  557  520  482   37254U
1184082 41570464  417  360  280  205  169  152  143  141  141  133  127   37254U
1284082 41570135  183  227  248  325  387  457  503  526  518  500  468   37254U
1184082 41670432  391  342  244  204  163  147  131  138  152  138  119   37254U
1284082 41670106  150  244  347  409  469  540  590  653  685  642  592   37254U
1184082 41770519  439  361  284  214  164  154  155  139  121  116  113   37254U
1284082 41770107  141  166  177  189  203  248  289  321  329  277  276   37254U
1184082 41870247  225  194  158  127  113  107  105  110  113  114  113   37254U
1284082 41870108  151  215  290  392  494  539  573  582  545  531  486   37254U
1184082 41970441  369  336  239  187  132  112  108  112  109  108   95   37254U
1284082 41970 99  164  269  379  492  538  556  577  589  542  492  418   37254U
1184082 42070383  358  326  237  196  158  135  139  150  141  138  148   37254U
1284082 42070146  197  288  409  495  548  565  571  582  538  481  437   37254U
1184082 42170391  369  338  246  169  125  108  102   91   88   92   76   37254U
1284082 42170 71  125  198  240  294  357  445  476  481  453  318  343   37254U
1184082 42270300  274  234  194  148  122  126  121  105  105   89   77   37254U
1284082 42270 79  123  189  227  249  279  309  352  378  376  358  321   37254U
1184082 42370285  255  215  183  170  121  109  107  104  100   86   85   37254U
1284082 42370 84  137  200  260  293  352  383  435  461  466  433  395   37254U
1184082 42470359  305  258  209  161  137  115  117  117  106   95   85   37254U
1284082 42470    C150  239  327  389  425  488  546  516  489  448  441   37254U
1184082 42570414  364  306  270  218  189  200  195  196  118   74   43   37254U
1284082 42570 43   75  103  137  177  244  300  362  387  362  317  277   37254U
1184082 42670241  231  225  190  178  155  138  118  107   84   67   57   37254U
1284082 42670 63  117  192  225  254  322  381  369  380  376  347  313   37254U
1184082 42770302  285  251  188  119  101   73   66   66   67   68   44   37254U
1284082 42770 22   78  192  300  403  465  454  493  492  455  388  342   37254U
1184082 42870328  326  279  220  162  126  122  113  114  104   86   71   37254U
1284082 42870 60   80  112  143  190  240  239  278  301  334  329  299   37254U
1184082 42970295  294  236  169  120   88   67   70   68   60   52   50   37254U
1284082 42970 49   77  108  134  153  153  182  197  221  236  224  204   37254U
1184082 43070179  162  130   87   65   43   29   27   23   26   28   28   37254U
1284082 43070 29   73  120  120  102  116  226  240  232  216  205  205   37254U
2184082 44070400  358  309  237  182  139  121  115  113  114  110  110
2284082 44070103  148  218  289  374  405  480  542  538  521  486  437
2184082 45070 30   29   30   29   30   30   30   30   30   30   30   30
2284082 45070 29   30   29   30   30   30   30   30   30   30   30   29
1184082 5 170199  205  204  205   76   56   77   77   65   56   59   63   37254U
1284082 5 170 75   32  147  172  200  233  251  264  234  222  201  187   37254U
1184082 5 270185  184  166  144  128  105   98   97   87   87   69   60   37254U
1284082 5 270 72  123  161  190  221  252  311  359  385  410  378  313   37254U
1184082 5 370255  207  169  143  123  119  101   96   98  100   97   84   37254U
1284082 5 370 86  114  141  159  159  175  176  205  210  137  187  165   37254U
1184082 5 470159  149  127  120   99   72   60   59   54   54   52   50   37254U
1284082 5 470 66  128  175  242  235  253  317  362  380  347  331  294   37254U
1184082 5 570271  250  218  179  124   71   57   65   67   61   50   31   37254U
1284082 5 570    C114  179  209  253  292  371  423  458  450  412  417   37254U
1184082 5 670380  349  298  241  169  117   98  105   98   92   88   69   37254U
1284082 5 670 69  117  174  238  289  314  367  388  374  385  374  348   37254U
1184082 5 770326  315  261  208  150  117   97   90   78   72   69   63   37254U
1284082 5 770 71  138  241   24 M385  425  431  450      C    C    C    C 37254U
1184082 5 870    C    C    C    C    C    C    C    C    C    C    C    C 37254U
1284082 5 870    C    C    C    C    C    C    C    C    C    C    C    C 37254U
1184082 5 970    C    C    C    C    C    C    C    C    C    C    C    C 37254U
1284082 5 970    C    C    C    C    C    C    C    C    C    C    C    C 37254U
1184082 51070    C    C    C    C    C    C    C    C    C    C    C    C 37254U
1284082 51070 83  144  238  312  344  399  419  432  443  429  393  361   37254U
1184082 51170304  286  264  228  175  136  109  116  116  112   97   82   37254U
1284082 51170 89  154  209  279  315  297  374  390  383  381  349  325   37254U
1184082 51270315  312  291  241  166  119  108  100   97   95   94   76   37254U
1284082 51270 78  117  152  172  194  214  252  257  276  271  264  243   37254U
1184082 51370221  213  201  161  134  107   87   84   78   72   69   64   37254U
1284082 51370 72  124  164  198  259  288  307  331  354  387  357  328   37254U
1184082 51470290  259  239  209  168  121  107  104  100   97   90   78   37254U
1284082 51470 95  199  266  292      C    C    C    C    C    C    C    C 37254U
1184082 51570    C    C    C    C    C    C    C    C    C    C    C    C 37254U
1284082 51570    C    C    C    C    C    C    C    C    C    C    C    C 37254U
1184082 51670166 M166 M180 M162 M121 M104 M 85 M 73 M 82 M 70 M 67 M 63 M 37254U
1284082 51670 41 M125 M163 M175 M211 M240 M261 M287 M190 M289 M251 M215 M 37254U
1184082 51770198 M204 M212 M182 M138 M 92 M 94 M 91 M 84 M 77 M 74 M 70 M 37254U
1284082 51770 79 M147 M220  254  252  260  333  360  372  342  309  320   37254U
1184082 51870296  265  251  233  187  141  135  129  126  121  104   81   37254U
1284082 51870 88  155  238  268  210  188  201  228  259  251  212  200   37254U
1184082 51970200  204  196  171  120   88   82   78      C 69   65   62   37254U
1284082 51970    C156  211      C322  327  328  320  313  280  224  217   37254U
1184082 52070223  215  215  187  132  103   90   86   79   76   72   69   37254U
1284082 52070 77  124  143  178  204  210  250  262  262  287  272  253   37254U
1184082 52170228  223  226  189  128  100   86   82   82   74   72   67   37254U
1284082 52170 73  112  165  162  154 M145 M145 M144 M147 M156 M163 M166 M 37254U
1184082 52270    C    C    C    C    C    C    C    C    C    C    C    C 37254U
1284082 52270    C    C    C    C    C    C    C    C    C    C    C    C 37254U
1184082 52370    C    C    C    C    C    C    C    C    C    C 65   54   37254U
1284082 52370 64  110  156  222  270  347  380  380  392  387  344  318   37254U
1184082 52470285  258  247  214  170  128  109  116  113  112  117  103   37254U
1284082 52470112  168  246  329  377  406  401  376  366  351  328  307   37254U
1184082 52570294  260  247  238  195  154  127  121  118  118  108   80   37254U
1284082 52570 99  145  194  218  244  250  274  304  321  321  292  257   37254U
1184082 52670235  237  227  202  163  140  134  132  121  118  110   96   37254U
1284082 52670108  153  208  257  283  301  368  367  394  409  391  408   37254U
1184082 52770342  338  282  220  160  115  113   91   83   77   72   71   37254U
1284082 52770 98  130  146 M160 M174 M228 M237 M260 M233 M214 M186 M206 M 37254U
1184082 52870203 M206 M205 M208 M203 M206 M208 M208 M217 M237 M246 M280 M 37254U
1284082 52870274 M274 M311 M335 M317 M318 M316 M332 M349 M363 M370 M378 M 37254U
1184082 52970372 M409 M411 M438 M502 M512 M537 M538 M543 M550 M560 M554 M 37254U
1284082 52970550 M535 M517 M495 M463 M441 M407 M279  271  270  258  240   37254U
1184082 53070282  246  217  169  127   96   80   76   75   81   79   79   37254U
1284082 53070 93  119  125  154  181  205  241  244  239      C219  220   37254U
1184082 53170236  217  194  158  116   85   85   88   88   82   72   68   37254U
1284082 53170 80  110  124  157  171  198  203  232  242  235  240  242   37254U
2184082 54070285  258  239  208  160  117  101   97   97   92   83   73
2284082 54070 86  130  194  240  264  294  350  361  372  366  331  313
2184082 55070 25   25   25   25   25   25   25   25   24   25   26   26
2284082 55070 25   27   27   26   26   26   26   26   25   24   25   25
1184082 6 170214  207  203  157  109   78   72   76   77   74   71   70   37254U
1284082 6 170 82  117  156  188  197  223  231  233  247  250  240  244   37254U
1184082 6 270236  207  218  172  110   80   76   70   69   66   65   62   37254U
1284082 6 270 74  113  147  165  185  195 M190 M205 M208 M218 M226 M214 M 37254U
1184082 6 370    C    C    C    C    C    C    C    C    C    C    C    C 37254U
1284082 6 370    C    C    C    C    C    C    C    C    C    C    C    C 37254U
1184082 6 470    C    C    C    C    C    C    C    C    C    C    C    C 37254U
1284082 6 470    C    C    C    C    C    C    C    C    C    C    C    C 37254U
1184082 6 570    C    C    C    C    C    C    C    C    C    C    C    C 37254U
1284082 6 570    C    C    C    C    C    C    C    C    C    C    C    C 37254U
1184082 6 670    C    C    C    C114   72   58   56   53   52   57   52   37254U
1284082 6 670 65   93  117  155  183  208  194      C187  191  192  179   37254U
1184082 6 770168  162  174  171  120   98   74   57   55   64   50   39   37254U
1284082 6 770 70   85  101  117  134  131  147  143  141  130  130  128   37254U
1184082 6 870124  120  112   99   76   30   20   19   19   20   22   14   37254U
1284082 6 870 27   67  123  195  266  277  267  299  289  309  288  283   37254U
1184082 6 970281  253  212  153  132  113   92  101  101   74   31   91   37254U
1284082 6 970112  157  186  196  189  184  185  192  203  209  206  206   37254U
1184082 61070206  199  193  169  150  137  125  137  127  112   81   70   37254U
1284082 61070 94  147  191  230  247  264  267  241  234  237  243  239   37254U
1184082 61170241  241  241  247  248  248  250  250  205  191  186  194   37254U
1284082 61170184      C    C    C    C    C    C    C    C    C    C    C 37254U
1184082 61270    C    C    C    C    C    C    C    C    C    C    C    C 37254U
1284082 61270    C    C    C    C    C    C    C    C    C    C    C    C 37254U
1184082 61370    C    C    C    C    C151  119  111  108  102   99   96   37254U
1284082 61370110  149  180  207  216  270  310  334  364  355  316  280   37254U
1184082 61470251  195  181  161  124  106   98   88   96   97   82   76   37254U
1284082 61470106  148  172  188  192  187  198  219  225  222  214  210   37254U
1184082 61570195  193  196  179  159  140  135  130  120  111  112  114   37254U
1284082 61570134  163  176  195  216  239  235  232  216  216  216  216   37254U
1184082 61670215  210  216  195  165  136  118  107  102  105  102  101   37254U
1284082 61670126  165  204  245  240  276  291  291  285  274  273  284   37254U
1184082 61770274  266  255  222  190  163  142  133  135  137  133  121   37254U
1284082 61770136  194  249  289  324  322  284  256  251  241  235  241   37254U
1184082 61870    C    C    C    C    C    C    C    C    C    C    C    C 37254U
1284082 61870    C    C    C    C    C    C    C    C    C    C    C    C 37254U
1184082 61970    C    C    C    C    C    C    C    C    C    C    C    C 37254U
1284082 61970    C    C    C    C    C    C    C    C    C    C    C    C 37254U
1184082 62070    C    C    C    C    C    C    C    C    C    C    C    C 37254U
1284082 62070 82  123  157  240  274  338  271  254  235  217  212  197   37254U
1184082 62170167  165  179  175  132  102   79   60   57   55   66   60   37254U
1284082 62170 69  103  127  159  179  208  209  195  188  191  197  199   37254U
1184082 62270207  186  182  162  148  113   90   82   74   72   70   65   37254U
1284082 62270 74  118  151  158  176  189  203  212  216  225  223  221   37254U
1184082 62370223  218  195  157  183  153  118  116  117  112  105   93   37254U
1284082 62370102  131  152  155  145  155  160  170  177  216  224  211   37254U
1184082 62470196  184  180  163  144  130  112  111  105  100   91   89   37254U
1284082 62470106  145  160  184  192  211  224  237  263  279  264  255   37254U
1184082 62570    C    C    C    C    C    C    C    C    C281  298      C 37254U
1284082 62570297  298  321  342  319  290  265  260  242  247  250  252 M 37254U
1184082 62670    C    C    C    C    C    C    C    C    C    C    C    C 37254U
1284082 62670    C    C    C    C    C    C    C    C    C    C    C    C 37254U
1184082 62770    C    C    C    C    C    C    C    C    C    C    C    C 37254U
1284082 62770    C    C    C    C    C    C    C    C    C    C    C    C 37254U
1184082 62870    C    C    C    C    C    C    C    C    C    C    C    C 37254U
1284082 62870    C    C    C    C189  197  219  229  239  229  223  217   37254U
1184082 62970205  199  215  198  180  147  128  104   94   85   75   72   37254U
1284082 62970 94  136  173  199  251  263  282  288  278  228  218  220   37254U
1184082 63070199  210  194  190  177  116  137  135  136  139  112   94   37254U
1284082 63070 98  115  140  173  148  144  140  140  140  159  149  154   37254U
2184082 64070207  199  195  171  146  116  112  104  101   98   81   76
2284082 64070 98  133  158  191  192  223  231  235  235  228  223  220
2184082 65070 17   17   17   17   18   19   19   19   19   20   20   19
2284082 65070 21   20   20   20   21   21   21   20   21   21   21   21
1184082 7 170144  152  144  109   99   72   58   56   57   52   41   29   36255U
1284082 7 170 47   92  137  163  189  189  202  196  191  217  209  239   36255U
1184082 7 270252      C    C    C    C    C    C    C    C    C    C    C 36255U
1284082 7 270    C    C    C    C    C    C    C    C    C    C    C    C 36255U
1184082 7 370    C    C    C    C    C    C    C    C    C    C276  279   36255U
1284082 7 370275  274  280  281  278  277  265  252  249  251  244  251   36255U
1184082 7 470251  224  231  224  186  139  111  116  114  108   98   84   36255U
1284082 7 470 97  144  195  248  277  281  278  280  273  275  264  244   36255U
1184082 7 570236  237  238  227  183  140  124  110  105  102   96   92   36255U
1284082 7 570104  158  227  287  324  356  361  385  367  321  281  253   36255U
1184082 7 670238  243  264  246  213  177  147  130  122  112  109  110   36255U
1284082 7 670114  147  168  184  221  263  298  313  336  315  306  277   36255U
1184082 7 770274  261  244  228  217  191  156  165  158  143  130  114   36255U
1284082 7 770114  139  161  185  163  196  195  197  188  181  183  185   36255U
1184082 7 870185  186  187  183  169  137  114  111  108  107  104   99   36255U
1284082 7 870107  142  180  185  222  270  279  257  232      C    C    C 36255U
1184082 7 970    C    C    C    C    C    C    C    C    C    C    C    C 36255U
1284082 7 970    C    C    C    C    C    C    C    C    C    C    C    C 36255U
1184082 71070    C    C    C    C    C    C    C    C    C    C    C    C 36255U
1284082 71070    C    C    C    C    C    C    C    C    C    C    C    C 36255U
1184082 71170220  208  198  192  154  110  116  108   97   94   90   55   36255U
1284082 71170 66  130  180  212  188  241  283  289  273  241  199  181   36255U
1184082 71270150      C    C    C    C    C    C    C    C    C    C    C 36255U
1284082 71270    C    C    C    C232  246  278  277  259  280  261  251   36255U
1184082 71370260  237  257  242  245  203  212  204  194  180  162  146   36255U
1284082 71370162  199  234  257  281  282  299  369  369  319  229  205   36255U
1184082 71470236  475  352  280  345  192  180  177  164  173  171  172   36255U
1284082 71470197  236  254  274  310  320  317  334  323  299  305  258   36255U
1184082 71570    C    C    C    C    C    C    C    C    C    C    C    C 36255U
1284082 71570    C    C    C    C358  334  316  340  340      C    C    C 36255U
1184082 71670    C    C    C    C    C    C    C    C    C    C    C    C 36255U
1284082 71670    C    C    C    C    C    C    C    C    C    C    C    C 36255U
1184082 71770    C    C    C    C    C    C    C    C    C    C    C    C 36255U
1284082 71770    C    C    C    C    C    C    C    C    C    C    C    C 36255U
1184082 71870    C    C    C    C    C    C    C    C    C    C    C    C 36255U
1284082 71870    C    C    C    C    C    C    C    C    C    C    C    C 36255U
1184082 71970    C    C    C    C    C    C    C    C    C    C    C    C 36255U
1284082 71970    C    C    C    C    C    C    C    C    C    C    C    C 36255U
1184082 72070    C    C    C    C    C    C    C    C    C    C 86   96   36255U
1284082 72070248  172  257  238  281  272  283  296  310  315  315  298   36255U
1184082 72170    C    C    C    C    C    C    C    C    C    C    C    C 36255U
1284082 72170    C    C    C    C294  314  338  346  330  338  339  327   36255U
1184082 72270282  250  207  188  164  122   82   84   81   68   69   68   36255U
1284082 72270 77  105  138  196  224  255  253  230  213  209  211      C 36255U
1184082 72370    C    C    C    C    C    C    C    C    C    C    C205 M 36255U
1284082 72370206 M171 M158 M155 M154 M133 M106 M104 M102 M101 M102 M103 M 36255U
1184082 72470138 M144 M147 M143 M155 M155 M155 M155 M155 M154 M155 M155 M 36255U
1284082 72470154 M154 M155 M130 M124 M 77 M 40 M 16 M 53 M132 M188 M199 M 36255U
1184082 72570208 M213 M228 M213 M210 M195 M169 M163 M157 M145 M136  123   36255U
1284082 72570118  157  185  205  219  236  251  294  284  240  240  234   36255U
1184082 72670    C    C164  148  106   81   67   62   64   69   69   66   36255U
1284082 72670 71   96  111  114  124  142  159  163  159  166  156  163   36255U
1184082 72770165  164  166  168  145  112  112   85   83   85   81   63   36255U
1284082 72770 67   85  105  126  150  166  170  180  167  171  165  177   36255U
1184082 72870191  192  189  162  111   75   65   64   56   56   49   48   36255U
1284082 72870 56   79  116  124  127  156  164  173  190  173  167  166   36255U
1184082 72970165  159  166  149  123   93   81   79   77   79   76   77   36255U
1284082 72970 67   76   86  109  137  158 M148 M140 M150 M159 M166 M154 M 36255U
1184082 73070145 M145 M147 M160 M162 M158 M152 M156 M157 M161 M162 M162 M 36255U
1284082 73070161 M163 M200 M197 M199 M164 M144 M162 M158 M149 M154 M155 M 36255U
1184082 73170161 M144 M147 M157 M155 M165 M163 M157 M166 M156 M160 M157 M 36255U
1284082 73170156 M165 M168 M120 M152 M168 M165 M168 M175 M187 M182 M 77 M 36255U
2184082 74070238  237  234  225  184  139  120  113  111  107  101   99
2284082 74070114  147  185  212  254  274  283  295  297  289  262  251
2184082 75070 19   17   18   18   18   18   18   18   18   18   20   21
2284082 75070 21   21   21   21   24   24   24   24   24   22   22   21
1184082 8 170168 M187 M189 M188 M157 M123 M120 M116 M115 M110 M104 M103   36255U
1284082 8 170104  129  170  210  234  249  243  252  287  296  296  282   36255U
1184082 8 270253  268  252  216  183  161  146  129  124  124  122   94   36255U
1284082 8 270111  128  166  172  182  188  172  210  205  212  199  201   36255U
1184082 8 370183  192  213  237  246      C    C    C    C    C    C    C 36255U
1284082 8 370    C    C230 M212 M225 M192 M172 M182 M154 M184 M186 M182 M 36255U
1184082 8 470187 M190 M225 M227 M244 M273 M276 M283 M279 M294 M296 M298 M 36255U
1284082 8 470295 M284 M284 M292 M284 M249 M200 M201 M190 M191 M190 M184 M 36255U
1184082 8 570190 M198 M194 M240 M239 M235 M241 M225 M225 M226 M226 M220 M 36255U
1284082 8 570226 M199 M185 M150 M154 M145 M150 M155 M134 M122 M110 M103 M 36255U
1184082 8 670100 M 87 M 89 M 83 M 60 M 30 M 30 M 23 M 16 M 15 M 13 M 40 M 36255U
1284082 8 670 45 M 88 M129 M135 M129 M133 M141 M161 M162 M192 M195 M198 M 36255U
1184082 8 770192 M198 M198 M198 M198 M198 M198 M198 M197 M198 M198 M197 M 36255U
1284082 8 770197 M198 M198 M198 M198 M197 M    C    C    C    C    C    C 36255U
1184082 8 870118  108   95   85   66   54   38   35   36   33   22   18   36255U
1284082 8 870 26  100  228  333  378  424  419  409  356  337  281  268   36255U
1184082 8 970255  244  231  209  171  139  100  100   99   95   67   69   36255U
1284082 8 970 58  100  141  163  187  205  218  249  254  243  230  232   36255U
1184082 81070230  225  207  188  160  124  113  101  100   98   82   85   36255U
1284082 81070 86  130  142  161  187  201  204  216  199  185  180  169   36255U
1184082 81170173  185  178  147  141  102   97   84   82   74   61   59   36255U
1284082 81170 62  122  159  156  170  203  209  233  234  232  194  171   36255U
1184082 81270170  168  160  138  116  100   81   82   78   82   84   74   36255U
1284082 81270 80  124  186  228  282  320  342  339  316  321  286  281   36255U
1184082 81370283  253  231  218  184  144  126  126  117  102   84   66   36255U
1284082 81370 64  101  154  187  209  250  232 M230 M228 M215 M225 M241 M 36255U
1184082 81470241 M241 M241 M241 M240 M241 M241 M241 M241 M241 M241 M241 M 36255U
1284082 81470240 M241 M240 M241 M241 M241 M241 M241 M241 M241 M    C241 M 36255U
1184082 81570246 M393 M468 M365 M220 M288 M 55 M 54 M 43 M 37 M 32 M 20 M 36255U
1284082 81570 16 M 84  188  273  294  312  326  331  336  340  326  290   36255U
1184082 81670274  237  194  147  104   75   57   37   53   47   48   39   36255U
1284082 81670 33   62  144  229  250  262  269  294  311  331  302  296   36255U
1184082 81770277  259  237  182  145   97   63   60   62   69   68   63   36255U
1284082 81770 54   93  140  185  220  235  230  213  216  218  221  203   36255U
1184082 81870202  208  179  166  131  100   81   82   82   79   68   59   36255U
1284082 81870 54   83  122  160  185  188  192  195  211  201  206  193   36255U
1184082 81970177  165  153  117  100   81   64   59   58   57   60   61   36255U
1284082 81970 59   83  121  136  143  148  162  153  172  167  163  156   36255U
1184082 82070165  161  141  131  100   78   69   57   56   54   54   47   36255U
1284082 82070 43   80  109  133  144  165  170  184  202  210  215  213   36255U
1184082 82170200  203      C    C    C    C    C    C    C    C    C    C 36255U
1284082 82170    C    C    C    C    C    C    C    C    C    C    C    C 36255U
1184082 82270    C    C    C    C    C    C    C    C    C    C    C    C 36255U
1284082 82270    C    C    C    C    C    C    C    C    C    C    C    C 36255U
1184082 82370    C    C    C    C    C    C    C    C    C    C    C    C 36255U
1284082 82370    C    C    C    C    C259  275  168  187  164  155  150   36255U
1184082 82470141  122  118  100  100   59   55   38   40   41   44   40   36255U
1284082 82470 33   59   83  122  143  145  209  208  218  201  189  187   36255U
1184082 82570187  182  166  143  118  101  100   99   97   97   90   77   36255U
1284082 82570 77  111  148  189  207  215  230  238  270  272  270  248   36255U
1184082 82670259  237  206  178  144  114  103  102  101   99   90   92   36255U
1284082 82670 65  101  135  166  182  179  180  187  208  214  213  211   36255U
1184082 82770207  187  168  135  115   90   82   78   76   77   67   73   36255U
1284082 82770 74  110  145  165  181  187  210  230  233  224  221  206   36255U
1184082 82870184  184  152  143  131  102   86   82   78   78   77   74   36255U
1284082 82870 66  131      C234  272  276  297  323  358  369  366  366   36255U
1184082 82970355  315  274  226  179  153  143  141  142  132  125  119   36255U
1284082 82970    C140  163  187  193  192  213  220  232  221  249  240   36255U
1184082 83070227  208      C    C    C    C    C    C    C    C    C    C 36255U
1284082 83070 85  140  182  220  213  241  242  250  231  219  209 M199 M 36255U
1184082 83170206 M198 M198 M195 M202 M198 M197 M198 M205 M198 M198 M198 M 36255U
1284082 83170198 M220  241  241  236  272  318  326  334  307  293  280   36255U
2184082 84070253  237  213  188  160  119  101  100   99   97   84   75
2284082 84070 75  122  163  199  216  249  242  249  262  257  270  258
2184082 85070 29   29   27   27   27   26   26   26   26   26   26   26
2284082 85070 26   27   27   28   28   29   28   28   28   28   27   28
1184082 9 170255  247  207  132   84   60   57   57   54   52   53   51   36254U
1284082 9 170 48   94  167  256  306  337  365  367  380  324  303  324   36254U
1184082 9 270256  240  205  166  125   99   94   80   78   79   76   65   36254U
1284082 9 270 55   98  165  217  272  297  352  365  403  388  366  380   36254U
1184082 9 370353  300  225  156  123  100   95   91   82   79   80   61   36254U
1284082 9 370 57  110  191  247  252  278  304  335  389  360  333  265   36254U
1184082 9 470254  219  168  123  100   94   79   76   70   71   57   41   36254U
1284082 9 470 38   60  104  120  134  137  150  172  173  169  180  174   36254U
1184082 9 570171  141  123   97   72   60   52   43   37   34   47   53   36254U
1284082 9 570 55   78  119  138  162  187  188  199  189  180      C    C 36254U
1184082 9 670183  165  152  131   69   47   39   39   20   11   10   12   36254U
1284082 9 670 15   37   51   62   71   89  102  133  164  172  180  187   36254U
1184082 9 770187  194  105   75   34   36   30   20   16   14   13    7   36254U
1284082 9 770  7   34   53   68   87   99  122  143  163  153  124  108   36254U
1184082 9 870100  101   83   74   57   52   44   37   30   21   18   15   36254U
1284082 9 870 14   70  150  213  223  265  308  351  359  356  306  302   36254U
1184082 9 970297  266  197  143  133  124  100   92   83   61   56   49   36254U
1284082 9 970 41   73  114  137  167  184  230  263  300  326  305  286   36254U
1184082 91070231  197  151  111   83   57   50   49   48   44   39   41   36254U
1284082 91070 33   85  151  203  224  244  266  295  326  317  310  299   36254U
1184082 91170218  260  186  140  103   97   84   84   78   67   60   57   36254U
1284082 91170 55   92  160  252  266  302  358  388  401  383  337  303   36254U
1184082 91270286  260  201  150  121  100   90   82   83   72   62   58   36254U
1284082 91270 53   94  181  230  246  272  338  388  399  400  389  349   36254U
1184082 91370301  304  301  187  144  125  100   95   77   59   57   56   36254U
1284082 91370 55   88  116  143  176  213  261  304  309  273  256      C 36254U
1184082 91470224  211  182  109      C    C    C    C    C    C    C    C 36254U
1284082 91470    C    C    C145  159  184  222  268  293  313  163 M135 M 36254U
1184082 91570    C    C    C    C 66 M    C 60 M 59   58   58   57   55   36254U
1284082 91570 53   87  145  189  228  269  315  357  318  330  335  314   36254U
1184082 91670289  255  176   54 M 99   89   60   57   56   56   53   54   36254U
1284082 91670 53   69  120  142  173  185  226  267  296  298  286      C 36254U
1184082 91770    C220  169  141  100   92   91   86   82   90      C 94   36254U
1284082 91770 97  138  181  178  180  209  231  294  308  251  223  185   36254U
1184082 91870178  142  102   98   96   91   58   57   55   55   56   55   36254U
1284082 91870 54   84  139  183  217  225  265  303  338  393  394  359   36254U
1184082 91970285  181  120   75   54   54   53   51   53   53   53   51   36254U
1284082 91970 47   73  166  225  229  261  286  282  278  271  260  209   36254U
1184082 92070183      C    C    C 55   54   53   51   48   46   44   48   36254U
1284082 92070 38   57  141      C    C314  384  358  345  324  313  294   36254U
1184082 92170308  268  182  138   94   54   54   55   56   58   58   56   36254U
1284082 92170 53   53   85   97  137  166  225  231  271  268  269  296   36254U
1184082 92270233  226  134   91   50   56   55   47   41   51   44   47   36254U
1284082 92270 50   65   96  101  123  139  142  142  141  140  137  136   36254U
1184082 92370132  103   86   59   57   56   57   57   59   58   57   57   36254U
1284082 92370 55   92  132  159  224  267  295  305  315  316  315  315   36254U
1184082 92470284  277  192  142  101   97   93   94   91   92   86   79   36254U
1284082 92470 60   99  181  235  276  304  355  355  318  316  315  321   36254U
1184082 92570306  273  189   96   58   54   49   45   42   42   42   40   36254U
1284082 92570 38   61  143  188  251  315  370  403  446  483  440  402   36254U
1184082 92670356  289  225  143   98   76   59   60   79   74   59   57   36254U
1284082 92670 56   59   84   81   94  102  141  147  184  181  173  186   36254U
1184082 92770217  186  144  101   96   81   59   57   53   57   57   57   36254U
1284082 92770 51   95  179  227  308  386  445  507  548  521  441  398   36254U
1184082 92870353  298  210  137   93   69   58   56   56   56   55   55   36254U
1284082 92870 53   90  168  238  300  356  386  411  410  390  397  383   36254U
1184082 92970354  272  180  125   65   70   70   70   70   70   70   70   36254U
1284082 92970 70   70  134  271  306  268  361  397  411  411  389  388   36254U
1184082 93070336  268  181  126   70   78   63   63   63   56   55   55   36254U
1284082 93070 60   61  156  227  306  358  356  393  383  396  399  370   36254U
2184082 94070255  243  180  128   94   73   59   57   56   57   56   55
2284082 94070 53   78  143  188  224  263  290  304  318  320  313  303
2184082 95070 28   28   28   28   29   28   29   29   29   29   28   29
2284082 95070 29   29   29   29   29   30   30   30   30   30   29   27
118408210 170355  268  183  100   90   58      C 50   52   84   86   87   36254U
128408210 170 87   92  204  270  323  421  482  519  587  601  548  518   36254U
118408210 270474  355  258  180  128   98   82   75   78   79   66   57   36254U
128408210 270 51  113  237  352  431  473  529  550  568  558  520  444   36254U
118408210 370393  303  181  100   75   59   53   42   35   37   40   38   36254U
128408210 370 36   77  191  304  388  472  494  533  521  528  518  485   36254U
118408210 470421  322  206  135   86   55   51   47   47   50   52   48   36254U
128408210 470 46   87  154  228  277  391  448  477  482  478  448  399   36254U
118408210 570344  264  180  122   79   56   54   57   57   59   56   72   36254U
128408210 570 54   73  161  258  334  417  471  510  539  527  498      C 36254U
118408210 670    C295  211  183  143  124  115  108  114  111  112   85   36254U
128408210 670 43   81  202  288  359  479  518  521  525  536  558  532   36254U
118408210 770443  347  229  143   98  101  102  112  129  101   99   83   36254U
128408210 770 76  100  203  347  427  401  463  501  471  402  357  345   36254U
118408210 870316  251  177  109   95   81   75   81   82   85   88   80   36254U
128408210 870 81   93  144  213  297  385  449  487  525  470  434  384   36254U
118408210 970339  288  232  154  103   80   62   60   59   55   53   45   36254U
128408210 970 36   51  124  217  318  364  427  454  437  427  440  426   36254U
1184082101070371  262  177  137   96   73   60   58   58   60   66   68   36254U
1284082101070 62   91  190  252  317  396  453  490  516  526  488  474   36254U
1184082101170449  336  209  140   87   59   55   54   54   56   57   54   36254U
1284082101170 43   57  164  271  364  438  483  487  498  485  463  441   36254U
1184082101270379  271  174  123   96   76   62   61   62   62   64   75   36254U
1284082101270 74   96  180  249  296  360  421  452  500  494  502  477   36254U
1184082101370429  300  188  123   92   79   77   83   83   80   65   59   36254U
1284082101370 59   81  184  281  339  375  441  467  477  468  474  469   36254U
1184082101470416  355  258  179  139  135  137  138  134  132  110  102   36254U
1284082101470100  100  169  295  363  358  483  546  536  530  482  402   36254U
1184082101570344  234  148   97   74   73   72   59   54   49   43   42   36254U
1284082101570 40   55  161  242  301  372  433  486  496  497  446  382   36254U
1184082101670313  218  157  119   97   90   90   83   73   68   59   57   36254U
1284082101670 57   76  180  250  314  406  484  555  570  558  509  444   36254U
1184082101770375  264  196  141  114  107  100  100   96   79   65   64   36254U
1284082101770 65   78  142  205  276  357  380  397  425  420  431  392   36254U
1184082101870365  296  187  138   96   79   65   65   76   76   73   62   36254U
1284082101870 55   56  145  264  357  468  536  565  542  474  465  401   36254U
1184082101970334  243  152   79   49   38   37   38   41   46   50   47   36254U
1284082101970 27   31  116  220  309  380  476  562  572  562  522  498   36254U
1184082102070412  267  210  123   97   81   82   85   94  101   97   92   36254U
1284082102070 84   84  173  262  382  443  473  487  514  497  461  425   36254U
1184082102170352  262  163   98   67   61   62   60   60   59   60   59   36254U
1284082102170 61   62  131  223  346  397      C513  548  534  493  443   36254U
1184082102270361  274  183  109   93   82   75   66   64   69   65   62   36254U
1284082102270 58   63  148  233  326  401  498  567  554  530  509  461   36254U
1184082102370356  238  169  105   79   58   49   46   48   49   51   52   36254U
1284082102370 47   54  132  226  340  432  516  536  553  530  493  446   36254U
1184082102470395  299  208  138   91   70   56   51   49   51   51   52   36254U
1284082102470 47   54  152  244  344  435  542  614  596  620  616  538   36254U
1184082102570443  346  249  165  105   99   93   85   82   87   88   89   36254U
1284082102570 85   96  193  279  361  491  556  621  640  617  532  481   36254U
1184082102670404  292  189  144  123  111  124  114  106  122  121   83   36254U
1284082102670 42   59  209  382  487  519  558  597  579  595  534  473   36254U
1184082102770392  318      C144   96   64   59   59   59   59   59   59   36254U
1284082102770 59   64  180  315  403  487  572  617  610  596  575  533   36254U
1184082102870    C    C231  166  106   93   75   64   62   61   62   64   36254U
1284082102870 65   70  187  314  403  462  531  560  561  574  555  528   36254U
1184082102970    C    C    C    C    C    C 78   79   92  102  101   97   36254U
1284082102970 99  102  169  233  301  362  448  489  427  400  368  359   36254U
1184082103070341  270  187  101   75   73   67   79   73   64   65   64   36254U
1284082103070 74   83  188  282  404  532  571  620  596  574  513  448   36254U
1184082103170381  279  189  137  102   82   64   71   75   77   60   57   36254U
1284082103170 38   49  143  267  391  428  494  567  623  703  704  599   36254U
2184082104070377  279  188  136   96   79   69   65   64   68   65   62
2284082104070 58   77  169  262  344  417  483  521  539  530  498  447
2184082105070 28   29   29   30   30   30   30   31   31   31   31   31
2284082105070 31   31   31   31   31   31   30   31   31   31   31   30
118408211 170464  352  243  187  147  143  128  101   87   80   71   63   36254U
128408211 170 61   83  167  320  447  571  660  745  741  704  660  596   36254U
118408211 270495  365  226  145   97   60   59   58   59   60   60   60   36254U
128408211 270 59   60  157  261  411  527  594  662  661  598  533  448   36254U
118408211 370405  332  231  163  144  106  104  102  109  108  102   80   36254U
128408211 370 73   70  191  325  406  434  428  501  542  495  446  360   36254U
118408211 470266  149   98   60   53   50   46   41   50   56   57   53   36254U
128408211 470 37   44  142  258  370  448  502  565  532  531  508  452   36254U
118408211 570455  367  226  141   74   39   35   35   28   27   29   27   36254U
128408211 570 28   39  124  209  275  358  407  488  498  496  487  424   36254U
118408211 670324  220  145   86   58   41   35   37   38   39   45   44   36254U
128408211 670 40   36  109  228  339  372  417  509  509  489  473  430   36254U
118408211 770354  251  160   90   57   39   37   38   41   47   53   56   36254U
128408211 770 54   54  124  217  316  364  435  468  489  490  489  424   36254U
118408211 870372  257  168  104   79   60   59   59   58   58   58   57   36254U
128408211 870 55   58  139  231  321  409  452  557  639  669  620  491   36254U
118408211 970379  273  205  148  117  101   98   81   80   79   63   58   36254U
128408211 970 44   49  142  273  359  392  403  445  448  461  428  388   36254U
1184082111070318  227  150  104   75   59   58   58   58   58   58   59   36254U
1284082111070 60   59  139  265  359  425  475  537  555  575  539  494   36254U
1184082111170401  296  192  112  101   84   77   61   60   58   53   40   36254U
1284082111170 34   38  126  253  319  388  467  491  504  497  475  403   36254U
1184082111270340  240  155  106   79   61   59   58   57   57      C    C 36254U
1284082111270    C    C    C    C    C    C448  505  528  515  468  402   36254U
1184082111370317  198  103   61   60   61   61   60   60   59   53   41   36254U
1284082111370 37   43  110  190  273  353  404  487  509  513  518  394   36254U
1184082111470289  187  104   64   57   57      C    C    C    C 55   58   36254U
1284082111470 58   59  122  213  298  350  447  488  520  493  449  378   36254U
1184082111570319  221  144   82   61   60   60   59   58   54   37   20   36254U
1284082111570 16   27  112  213  302  386  466  515  567  537  488  443   36254U
1184082111670337  215  144   82   54   32   30   37   58   58   60   68   36254U
1284082111670 61   58  103  186  252  314  358  388  392  365  362  335   36254U
1184082111770253  147   94   60   42   39   39   39   36   40   48   50   36254U
1284082111770 54   57  105  201  230  294  361  402  423  447  448  432   36254U
1184082111870360  249  135   90   59      C 54   58   60   60   59   58   36254U
1284082111870 59   57  108  229  318  449  532  574  545  495  444  381   36254U
1184082111970316  228  132   61   40   33   29   28   32   37   39   37   36254U
1284082111970 36   38  101  192  306  379  424  488  506  529  492  421   36254U
1184082112070321  224  116   60   40   27   22   20   21   22   26   27   36254U
1284082112070 23   31   97  203  285  364  384  425  453  480  488  422   36254U
1184082112170356  229  137   78   41   40   42   50   54   53   56   52   36254U
1284082112170 35   33  104  247  388  429  454  513  540  595  615  604   36254U
1184082112270499  377  266  189  144  140  123  127  144  150  140  103   36254U
1284082112270 67   58  108  247  377  444  491  510  525  463  410  359   36254U
1184082112370266  212  130   63   52   40   38   35   37   39   42   43   36254U
1284082112370 45   48  102  223  327  426  466  683  776  807  815  634   36254U
1184082112470532  357  274  225  171  145  122  103   80   60   59   57   36254U
1284082112470 53   53   91  116  110  122  129  144  151  155  189  240   36254U
1184082112570317  360  278  229  156  100   60   59   60   43   33   20   36254U
1284082112570 35   22   64  186  316  489  589  620  573  514  454  378   36254U
1184082112670274  205  122   65   59   59   40   49   55   57   48   46   36254U
1284082112670 37   36   99  192  285  373  456  458  468  459  446  381   36254U
1184082112770295  189  113   60   49   33   30   32   38   38   40   40   36254U
1284082112770 39   34   78  209  325  376  433  464  488  467  442  399   36254U
1184082112870313  208  143   90   65   60   57   38   32   36   37   36   36254U
1284082112870 38   36   83  187  245  353  423  456  472  484  444  403   36254U
1184082112970316  187  143   60   36   30   22   20   29   28   35   36   36254U
1284082112970 38   39   85  189  322  470      C616  587  612  574  448   36254U
1184082113070342  231  147   97   78   61   60   46   33   32   34   31   36254U
1284082113070 26   28   73  170  261  368  399  404  430  400  338  316   36254U
2184082114070330  228  144   90   60   59   57   50   57   56   53   50
2284082114070 40   44  108  213  318  386  447  496  514  495  474  412
2184082115070 30   30   30   30   30   29   29   29   29   29   29   29
2284082115070 29   29   29   29   29   29   29   30   30   30   30   30
118408212 170253  145      C108      C    C 34   35   38   39   45   46   36254U
128408212 170 43   39   72  149  221  274  315  355  360  360  308  273   36254U
118408212 270181  115   59   40   34   32   34   36   40   42   51   51   36254U
128408212 270 46   38   71  159  227  271  338  383  408  402  359  319   36254U
118408212 370197  104   63   48   39   36   37   40   47   57   56   48   36254U
128408212 370 39   36   61  155  248  323  392  471  444  406  386  358   36254U
118408212 470278  206  127   84   60   56   57   51   46   40   41   44   36254U
128408212 470 56   59   89  168  273  341  401  415  455  459  415  398   36254U
118408212 570326  259  145  103   92   84   61   59   58   57   51   44   36254U
128408212 570 37   31   59  148  246  316  426  422  422  364  321  297   36254U
118408212 670231  145   83   53   29   22   20   20   22   20   21   21   36254U
128408212 670 19   21   60  145  230  318  394  436  433  400  375  339   36254U
118408212 770254  167  100   58   41   34   36   37   38   41   45   41   36254U
128408212 770 30   28   72  221  362  471  577  619  661  654  702  578   36254U
118408212 870480  313  178  126  102   91   65   66   62   65   81   61   36254U
128408212 870 55   57  101  228  321  485  553      C569  512  435  342   36254U
118408212 970266  145  120   81   63   61   60   60      C    C    C    C 36254U
128408212 970    C    C    C    C    C    C517  531  501  469  433  404   36254U
1184082121070351  268  166   82   47   43   50   53   54   56   50   48   36254U
1284082121070 60   60   85  206  356  535  682  808  789  732  675  514   36254U
1184082121170359  249  203  187  169  127   98   60   48   50   34   28   36254U
1284082121170 34   35   76  191  306  399  538  617  592  623  579  514   36254U
1184082121270444  317  179  112   79   66   58   46   48   47   48   42   36254U
1284082121270 36   30   71  184  294  367  420  492  540  502  432  362   36254U
1184082121370314  177  104   58   32   19   17   20   32   37   38   39   36254U
1284082121370 36   34   74  165  244  351      C    C    C510  445  416   36254U
1184082121470279  185  102   61   54   48   43   53   51   50   54   56   36254U
1284082121470 52   41   78  187  281  348  407  446  463  464  427  398   36254U
1184082121570338  252  140   62   49   40   39   42   48   57   58   58   36254U
1284082121570 56   49   64  161  273  403  510  525  512  471  459  446   36254U
1184082121670374  275  189  140  100   86   87   88   96  100  101  101   36254U
1284082121670101  101  143      C384  486  533  701  689  683      C551   36254U
1184082121770413  321  166  122  126  146      C    C    C    C    C    C 36254U
1284082121770    C    C    C    C    C486  599  586  556  580  619  281   36254U
1184082121870528  204  106   97   82   83   79   71   61   59   59   59   36254U
1284082121870 57   65  101  181  311  426  552  664  687  660  604  486   36254U
1184082121970388  271  168  107  103  100   99   85   93  101   97   85   36254U
1284082121970 65   70  106  189  244  317  379  391  384  419  418  390   36254U
1184082122070296  203  141  115   98   87   91   98   95   96   88   65   36254U
1284082122070 73   60   99      C344  460  536  530  573  552  506  482   36254U
1184082122170393  233  126   99   79   84  101   97   83   82   90   68   36254U
1284082122170 60   59   82  181  266  493  544  659  702  656  638  524   36254U
1184082122270371  193   41   36   16   48   56   82   92   62   58   38   36254U
1284082122270 38   50   78  157  250  352  382  425  380  354  330  273   36254U
1184082122370257  187  121   85   67   60   65   66   69   59   60   61   36254U
1284082122370 59   58   90  225  322  496  639  702  661  565  488  400   36254U
1184082122470316  246  166   98   85   80   64   58   60   62   65   64   36254U
1284082122470 66   61   80  182  273  402  523  530  525  491  475  425   36254U
1184082122570333  207  140   82   64   64   64   65   68   74   74   80   36254U
1284082122570 80   69   62  151  243  325  447  483  483  458  430  369   36254U
1184082122670263  163  125   80   64   63   71   75   75   79   78      C 36254U
1284082122670 73   67   84  282  258  320  479  488  465  443  422  390   36254U
1184082122770273  269  133  100   81   81   80   83   84   83   83   87   36254U
1284082122770 89   82  101  186  267  300  425  471  485  503  467  395   36254U
1184082122870318  224  122   98   83   90   93   95   98  101   85   78   36254U
1284082122870 76   77   98      C    C346  442  479  469  422  403  404   36254U
1184082122970292  224  144   97   79   77   79   83   81   76   72   69   36254U
1284082122970 67   75   82  144  234  371  406  442  425  403  399  344   36254U
1184082123070272  230  108   93   83   76   79   90   98   98   99   82   36254U
1284082123070    C    C    C    C    C294  368  399  401      C401  321   36254U
1184082123170201  186  103   84   79   82   78   69   71   70   75   76   36254U
1284082123170 77   77   95  147  230  335  407  401  400  395  377  315   36254U
2184082124070314  207  126   93   79   71   64   62   61   59   59   58
2284082124070 56   58   81  181  267  351  444  483  484  470  431  395
2184082125070 31   31   30   31   30   30   30   30   29   29   29   28
2284082125070 28   28   28   25   27   30   30   29   30   30   30   31
