7 BOULDER           GOES2         136.86   37  254      0EMT          FR
1184080 1 170357  307  182  101   72   73   69   70   73   79   81   80   37254U
1284080 1 170 75   72   87  214  367  480  643  782  787  813  792  765   37254U
1184080 1 270621  426  217  111   85   75   72   74   82   79   75   70   37254U
1284080 1 270 63   53   80  185  323  458  558  563  556  542  500  420   37254U
1184080 1 370300  205  127   76   50   47   40   38   38   37   33   23   37254U
1284080 1 370 23   22   42  166  265  353  466  557  587  617  620  556   37254U
1184080 1 470476  387  198   97   69   60   51   44      C    C    C    C 37254U
1284080 1 470    C    C    C    C    C    C    C    C    C    C    C    C 37254U
1184080 1 570    C    C    C    C    C    C    C    C    C    C    C    C 37254U
1284080 1 570    C    C    C    C    C    C    C    C    C    C    C    C 37254U
1184080 1 670    C    C    C    C    C    C    C    C    C    C    C    C 37254U
1284080 1 670    C    C    C    C338  429  525  606  600  616  588  522   37254U
1184080 1 770442  362  188  103   67   58   54   45   40   40   39   35   37254U
1284080 1 770 33   33   61  167  365  434  529  593  605  620  520  479   37254U
1184080 1 870387  312  224  143   86   70   55   58   58   63   54   47   37254U
1284080 1 870 45   42   75  209  400  500  595  630  651  628  617  614   37254U
1184080 1 970473  428  282  173  100   85   81   76   73   72   75   74   37254U
1284080 1 970 69   65   87  139  329  428  595  630  651  599  564  534   37254U
1184080 11070432  323  258  164   92   76   62   57   58   57   60   60   37254U
1284080 11070 58   62   67  236  402  537  621  636  654  608  560  521   37254U
1184080 11170454  376  224  131  108   64   57   57   60   52   49   48   37254U
1284080 11170 47   51   83  206  362  457  602  658  678  676  603  562   37254U
1184080 11270497  380  279  162  105   76   77   74   68   60   58   58   37254U
1284080 11270 55   56   79  201  305  409  485  539  540  507  519  439   37254U
1184080 11370373  330  227  149  112   65   56   54   53   56   57   61   37254U
1284080 11370 63   66  103  205  412  553  609  761  762  773  716  670   37254U
1184080 11470543  456  341  206  159   89   81   71   67   63   64   65   37254U
1284080 11470 53   52   78  199  291  405  497  562  543  551  524  478   37254U
1184080 11570380  352  249  162  125   93   89   90   87   89   91   89   37254U
1284080 11570 85   83  119  199  330  400  430  492  526  542  541  474   37254U
1184080 11670401  321  244  176  138   89   78   74   74   73   70   69   37254U
1284080 11670 60   53   75  173  273  385  476  532  518  494  475  436   37254U
1184080 11770355  292  184   99   70   60   61   60   58   59   62   63   37254U
1284080 11770 63   59   77  158  311  432  496  579  544  498  499  466   37254U
1184080 11870395  293  204  125   85   71   70   69   68   58      C    C 37254U
1284080 11870    C    C 83  199  294  530  459  518  539  483  456  421   37254U
1184080 11970332  284  203  131   65   58   61   63      C    C    C    C 37254U
1284080 11970    C    C    C    C240  358  405  493  514  478  469  430   37254U
1184080 12070345  269  212  156   83   73   65   65   65   62   60   58   37254U
1284080 12070 51   94  116  217  271  334  417  466  518  472  446  433   37254U
1184080 12170361  315  189  136  101   91   88   87   87   89   47   49   37254U
1284080 12170 49   49   67  120  224  310  410  452  477  450  425  410   37254U
1184080 12270332  222  150   80   53   49   49   50   51   54   57   59   37254U
1284080 12270 56   53   71  156  215  318  407  475  500  468  442  397   37254U
1184080 12370355  298  127   75   54   57   56   62   65   69   74   75   37254U
1284080 12370 69   63   74  149  209  311  436  437  466  440  433  386   37254U
1184080 12470274  196  144   88   51   41   40   42   42   43   44   48   37254U
1284080 12470 50   50   69  156  236  281  373  436  490  476  421  377   37254U
1184080 12570320  242  183  110   72   62   57   48   46   44   45   45   37254U
1284080 12570 44   43   66  154  248  350  409  456  493  488  498  440   37254U
1184080 12670383  335  242  154   98   72   66   55   55   58   54   51   37254U
1284080 12670 48   48   76  125  271  329  410  417  439  460  434  380   37254U
1184080 12770374  241  194  116   83   74   63   61   57   53   55   58   37254U
1284080 12770 59   64   79  183  240  400  543  628  698  696  642  603   37254U
1184080 12870542  421  277  202  121   93   80   75   70   64   60   55   37254U
1284080 12870 46   48   81  157  287  376  474  580  598  612  543  467   37254U
1184080 12970373  312  262  218  202  175   71   49   43   48   54   59   37254U
1284080 12970 62   58   83  207  340  503  591  633  701  663  656  598   37254U
1184080 13070539  415  287  154  103   75   67   61   54   52   52   56   37254U
1284080 13070 61   65   89  197  290  378  470  544  555  560  546  515   37254U
1184080 13170458  357  260  155  118  100   93   89   89   93   98  100   37254U
1284080 13170104  103  125  236  286  385  477  516  550  575  584  550   37254U
2184080 14070383  321  217  136   86   73   65   61   60   59   57   58
2284080 14070 57   54   79  185  291  400  477  557  550  551  524  474
2184080 15070 29   29   29   29   29   29   29   29   27   27   26   26
2284080 15070 26   26   27   27   29   29   29   29   29   29   29   29
1184080 2 170472  349  235  155   86   66   60   57   71   70   70   70   37254U
1284080 2 170 70   71   72  214  310  409  479  535  534  548  553  528   37254U
1184080 2 270458  320  218  112   73   65   59   59   68   73   75   73   37254U
1284080 2 270 59   53  125  252  324  402  515  536  584  566  565  555   37254U
1184080 2 370484  356  217  169  119   98   91   89   90   92   95   92   37254U
1284080 2 370 88   77  118  242  356  417  513  558  591  587  555  551   37254U
1184080 2 470380  289  202  125   80   64   58   53   49   49   51   47   37254U
1284080 2 470 47   41   83  215  298  385  475  511  490  494  462  443   37254U
1184080 2 570403  328  194  151  102   75   49   61   54   51   50   51   37254U
1284080 2 570 51   52   94  213  325  388  489  556  617  583  566  531   37254U
1184080 2 670472  372  302  163  111   78   69   69   68   66   70   74   37254U
1284080 2 670 78   80  121  284  359  529  696  766  776  741  678  611   37254U
1184080 2 770541  445  338  255  165  126  102   84   78   77   80   79   37254U
1284080 2 770 77   67  109  252  379  508  591  645  677  652  621  587   37254U
1184080 2 870535  433  371  198  147  121  113  120  121  126  122  116   37254U
1284080 2 870112  111  143  278  333  502  633  652  706  689  684  627   37254U
1184080 2 970542  449  327  222  152  121  102   88   87   91   94   96   37254U
1284080 2 970 91   77  113  245  366  494  587  636  651  697  649  630   37254U
1184080 21070533  452  405  216  162  121  109   99   92   88   81   74   37254U
1284080 21070 71   69  107  228  354  457  511  533  564  534  504  492   37254U
1184080 21170430  339  220  178  114   82   77   78   79   81   78   77   37254U
1284080 21170 77   75  113  224  328  345  461  497  558  584  518  502   37254U
1184080 21270410  334  228  166  110   68   45   32   32   31   34   31   37254U
1284080 21270 34   28  116  249  312  442  479  515  543  523  504  449   37254U
1184080 21370402  343  249  181  113   70   58   80   75   72   28   70   37254U
1284080 21370 74   73  116  237  350  446  536  559  590  579  600  575   37254U
1184080 21470486  396  301  220  158  114  102   95  105  114   94   85   37254U
1284080 21470 82   83  136  257  311  433  583  661  707  635  554  461   37254U
1184080 21570378  306  255  198  136  112  107   93   87   84   90   98   37254U
1284080 21570 96   86  139  271  397  489  622  630  687  652  681  667   37254U
1184080 21670642  502  326  196  129  118  125  158  155  140  122  115   37254U
1284080 21670112  106  163  310  359  501  544  604  647  599      C    C 37254U
1184080 21770    C    C    C175  134  118  117   95   74   74   76      C 37254U
1284080 21770    C    C    C    C    C    C    C604  602  541  478  423   37254U
1184080 21870359  300  233  165  119  107   91   87   81   81   78      C 37254U
1284080 21870    C    C164  295  359  480  555  600  612  576  535  450   37254U
1184080 21970339  311  227  170  120   73   73   73      C    C    C    C 37254U
1284080 21970    C    C138  254  391  464      C630  622  664  664  527   37254U
1184080 22070435  345  214  148   96   83      C    C    C    C    C    C 37254U
1284080 22070    C    C106  198  348  468      C    C    C706  706  506   37254U
1184080 22170475  315  215  134   92   93   92   89   93  104  105   77   37254U
1284080 22170 73   68  129  277  358  491  576  635  688  628  603  556   37254U
1184080 22270490  382  257  175  139  140   93  137  137   92   89   88   37254U
1284080 22270 85   83  161  277  368  500  608  708  709  702  649  579   37254U
1184080 22370519  423  301  185      C    C    C    C    C    C    C    C 37254U
1284080 22370 51   60  133  226  323  491  591  686  730  708  672  602   37254U
1184080 22470472  355  237  187  140   97   93   95   56   63   74   79   37254U
1284080 22470 80   72  132  232  341  479  562  574  549  522  487  436   37254U
1184080 22570382  293  190  181  135   95   94   97   61   63   65   72   37254U
1284080 22570 76   72  144  354  391  509  621  690  742  750  710  661   37254U
1184080 22670613  454  316  306  137   92   95   91   60   61   59   59   37254U
1284080 22670 63   61  148  379  434  505  623  685  649  620  580  533   37254U
1184080 22770537  415  317  178  140   97   97   95   60   47   88   88   37254U
1284080 22770 81   83  197  370  457  583  659  698  690  698  670  647   37254U
1184080 22870    C    C    C240  170  125  125  120  120  120  120      C 37254U
1284080 22870    C    C    C    C    C    C622  681  714  725  699  628   37254U
1184080 22970551  430  303  185  141   95   92   98  100  101  103      C 37254U
1284080 22970105  115      C    C473  608  707  738      C    C    C    C 37254U
2184080 24070472  355  249  178  131   96   93   89   78   79   79   77
2284080 24070 77   72  127  252  356  480  579  630  647  624  600  551
2184080 25070 27   27   27   29   28   28   27   27   26   26   26   22
2284080 25070 24   24   26   26   27   27   26   28   27   28   27   27
1184080 3 170486  394  257  186  138   95   93   97   96   93   91   87   37254U
1284080 3 170 78   80  195  350  472  590  662  711  732  792  753  609   37254U
1184080 3 270543  476  317      C    C    C    C    C    C    C    C    C 37254U
1284080 3 270    C 80  187  321      C    C644  681      C685  659  615   37254U
1184080 3 370576  479      C    C    C    C    C    C    C    C    C    C 37254U
1284080 3 370    C    C    C    C    C    C663  686  694  669  617  597   37254U
1184080 3 470532  427  318  186      C    C    C    C    C    C    C    C 37254U
1284080 3 470    C    C167  335  469  583  650  825      C856  780  724   37254U
1184080 3 570560  435  318  178      C    C    C    C    C    C    C    C 37254U
1284080 3 570    C 99  228  412  511  622  695  735  758  736  733  655   37254U
1184080 3 670534  458  341  178  152  113   97   89      C    C    C    C 37254U
1284080 3 670 73   72  216  407  576  664  753  795  794  766  727  658   37254U
1184080 3 770590  486  366  195  143  112   87   78   74   71   64   64   37254U
1284080 3 770 60      C158  326  452  555  609  620  608  610  587  551   37254U
1184080 3 870497  408  280  190  138  122  117  109  108  110  110   90   37254U
1284080 3 870 73   80  201  353  483  602  670  694  717  695  629  548   37254U
1184080 3 970484  381  276  198  155  135  115   95   84   83   76   62   37254U
1284080 3 970 51   37  140  296  473  593  678  685  671  639  575  514   37254U
1184080 31070461  368  246  152  102  121  108   91   92  100  114   94   37254U
1284080 31070 85   98  224  371  469  562  625  654  692  667  629  586   37254U
1184080 31170532  454  338  244  184  145  119  113  114  116  121  124   37254U
1284080 31170133  153  281  417  489  568  632  699  724  713  681  620   37254U
1184080 31270544  452  334  219  163  126  110  102  100  101  105  105   37254U
1284080 31270102  109  213  328  379  463  515  567  585  608  588  566   37254U
1184080 31370517  438  335  244  170  135  118  106   98   92   99  104   37254U
1284080 31370108  122  242  359  447  520  575  629  631  635  641  614   37254U
1184080 31470563  487  364  247  172  119  105   90   88  117  116   96   37254U
1284080 31470 98   95  243  363  461  537  581  624  643  633  628  594   37254U
1184080 31570555  488  378  244  193  141  107   89   84   81   80   82   37254U
1284080 31570 84  108  238  338  391  448  503  556  585  592  581  550   37254U
1184080 31670511  454  340  233  181  148  120  102   93   92   87   87   37254U
1284080 31670 88  112  247  368  455  536  602  639  671  676  659  599   37254U
1184080 31770550  475  354  251  198  157  135  118  115  114  107  104   37254U
1284080 31770102  119  254  368  454  539  611  661  674  672  644  620   37254U
1184080 31870570  469  352  264  213  164  137  127  123  121  115  117   37254U
1284080 31870114  139  250  374  496  552  709  756  777  767  748  688   37254U
1184080 31970625  513  375  297  239  194  159  130  112  105  113  119   37254U
1284080 31970119  158  311  439  548  652  751  787  777  753  717  658   37254U
1184080 32070599  522  371  289  239  189  157  140  131  127  128  125   37254U
1284080 32070125  153  280  430  525  598  665  697  680  667  641  606   37254U
1184080 32170544  459  372  303  253  197  174  161  124  127  123  127   37254U
1284080 32170121  166  241  331  450  557  653  685  723  700  624  554   37254U
1184080 32270494  434  324  240  193  158  160  134  128  130  118   94   37254U
1284080 32270 79  109  247  391  553  639  708  743  725  695  661  618   37254U
1184080 32370577  498  384  270  197  156  128  117  120  126  126  118   37254U
1284080 32370111  144  264  389  494  561  642  699  708  704  665  620   37254U
1184080 32470555  466  364  266  218  190  158  121  146  145  131  135   37254U
1284080 32470128  164  254  332  415  513  606  663  660  646  613  581   37254U
1184080 32570538  441  335  254  195  159  138  123  115  126  122  111   37254U
1284080 32570106  130  262  392  484  547  619  679  692  706  669  638   37254U
1184080 32670592  574  443      C235  158  167  158  162  171  184  183   37254U
1284080 32670180  200  243  275  313  326  324  330  350  388  390  408   37254U
1184080 32770401  373  304  224  187  151  115  104  106  102   89   80   37254U
1284080 32770 74  128  270  396  498  596  665  679  664  668  636  595   37254U
1184080 32870550  495  376  268  198  157  138  126  117  116  110  106   37254U
1284080 32870102  148  307  437  545  627  710  741  755  745  713  665   37254U
1184080 32970590  505  368  279  227  194  164  150  153  161  158  148   37254U
1284080 32970125  174  296  414  515  589  673  718  748  733  718  671   37254U
1184080 33070613  510  365  280  231  205  196  212  211  202  199  176   37254U
1284080 33070146  171  288  403  500  550  586  606  604  602  586  541   37254U
1184080 33170    C    C    C    C    C    C    C    C    C    C    C    C 37254U
1284080 33170    C    C    C    C    C    C    C    C    C    C    C    C 37254U
2184080 34070547  462  341  244  193  153  124  115  114  116  114  105
2284080 34070102  122  243  368  478  561  647  685  692  680  642  607
2184080 35070 30   30   29   27   26   26   26   26   25   25   25   25
2284080 35070 26   27   29   29   28   28   30   30   28   30   30   30
1184080 4 170382  335  271  207  159  132  115  115  108  105  102   98   37254U
1284080 4 170 87  145  255  333  398  492  540  581  594  585  516  459   37254U
1184080 4 270533  341  246  200  170  157  156  161  148  135  114  106   37254U
1284080 4 270101  166  282  374  462  515  593  629  646  652  627  585   37254U
1184080 4 370533  454  353  260  220  192  162  160  162  153  145  127   37254U
1284080 4 370128  167  246  352  451  540  603  621  670  684  632  573   37254U
1184080 4 470508  454  371  269  213  191  157  126  106  107  110  112   37254U
1284080 4 470111  153  202  254  313  388  473  548  561  561  521  488   37254U
1184080 4 570432  371  297  217  165  129  116  111  112  108  106  100   37254U
1284080 4 570106  156  250  337  420  487  541  617  625  603  583  519   37254U
1184080 4 670461  401  321  242  203  163  125  120  119  121  116  111   37254U
1284080 4 670108  179      C    C    C488  561  580  580  528  476  414   37254U
1184080 4 770364  324  253  154   84   26   37   37   39   35   47   52   37254U
1284080 4 770 44   86  142  201  260  334  416  451  459  470  472  458   37254U
1184080 4 870422  346  252  178   88   84   59   53      C    C    C    C 37254U
1284080 4 870    C    C    C    C    C    C    C    C    C    C    C    C 37254U
1184080 4 970    C    C    C    C    C    C    C    C    C    C    C    C 37254U
1284080 4 970    C    C    C    C    C    C    C    C    C    C    C    C 37254U
1184080 41070359  298  245  192  161  145  143  136  130  112  105  117   37254U
1284080 41070111  162  209  281  360  463  514  555  552  543  495  461   37254U
1184080 41170428  401  363  293  230  202  194  170  132  143  141  145   37254U
1284080 41170153  200  271  321  351  395  457  537  599  624  568  511   37254U
1184080 41270456  404  352  272  202  174  157  152  149  147  143  126   37254U
1284080 41270143  224      C441  555  631  715  757  802  733  666  613   37254U
1184080 41370555  500  433  363  285  203  159  144  146  149   53  149   37254U
1284080 41370148  197  241  281  309  343  367  370  384  378  348  309   37254U
1184080 41470285  255  222  193  163  141  126  122  124  126  128  122   37254U
1284080 41470126  201  298  384  463  520      C    C604  588  564  521   37254U
1184080 41570499  482  424  383  304  267      C    C    C    C    C    C 37254U
1284080 41570    C    C    C427  512  556  623  676  684  649  588  514   37254U
1184080 41670440  372  325  260  194  163  144      C129  133  130  104   37254U
1284080 41670 92  167  266  382  460  515  561  582  598  600  563  510   37254U
1184080 41770475  417  355  292  248  206  156  159  158  150  137  120   37254U
1284080 41770112  168  253  315  365  416  460  498  532  535  517  489   37254U
1184080 41870429  377  307  233  177  147  131  124  124  122  114  107   37254U
1284080 41870111  208  313  390  459  506  546  614  662  653  601  548   37254U
1184080 41970499  440  374  294  237  206  171  159  154  148  144  137   37254U
1284080 41970148  254  366  463  529      C638  673  683      C634  598   37254U
1184080 42070535  459      C283  216  189  167  156  150  125  107   86   37254U
1284080 42070    C234  380  496  563  626      C713  729  714  681  648   37254U
1184080 42170603  526  427  302  240  204  187  169  164  159  150      C 37254U
1284080 42170148  264  419  520  599  663  683  695  715  715  671  618   37254U
1184080 42270    C492  406  310  253  215  193  173  168  162  151  135   37254U
1284080 42270148  257  378  484  582  651  689  724  720  696  661  605   37254U
1184080 42370551  490  412  310  233  174  156  150  138  124  119  114   37254U
1284080 42370122  214  341  454  519  597  630  670  669  663  631  586   37254U
1184080 42470504  469  381  290  211  166  150  153  149  148  128  120   37254U
1284080 42470126  206  287  347  412  458  500  511  531  500  465  424   37254U
1184080 42570404  360  291  240  174  148  123  123  121  120  116  104   37254U
1284080 42570    C202  294  372  421  453  473  511  538      C493  432   37254U
1184080 42670    C356  297  248  191  153  124  131  156  149  124  108   37254U
1284080 42670108  184  271  329  373  449  484  496  507  537  515  471   37254U
1184080 42770451  382  305  242  196  168  155  154  150  143  127  110   37254U
1284080 42770125  212  285  345  410  454  501  527  538  537  511  463   37254U
1184080 42870448  417  360  279  203  157  124  123  128  126  121   86   37254U
1284080 42870106  195  298  376  420  453  459  428  432  432  420  384   37254U
1184080 42970342  317  282  232  169  129  111      C 85   83   65   43   37254U
1284080 42970 68  153  234  287  327  338  383  420  423  434  422  386   37254U
1184080 43070341  323  283  211  156  124  118  114   85   81   79   66   37254U
1284080 43070 80  194  292  350  410  420  452  452  459  433  426  412   37254U
2184080 44070451  401  323  260  202  163  147  140  132  126  119  110
2284080 44070111  195  282  352  420  487  527  580  596  586  542  499
2184080 45070 27   29   28   29   29   29   28   26   27   27   27   26
2284080 45070 25   27   25   27   27   27   26   27   28   26   28   28
1184080 5 170370  320  255      C168      C121  113  114  124  122  118   37254U
1284080 5 170123  214      C    C    C468  497  514  536  504  465  422   37254U
1184080 5 270387  342  296  242  190  157  141  126  133  130  124  118   37254U
1284080 5 270130  194  253  332  407  457  501  528  517  499  460  427   37254U
1184080 5 370382  342  290  210  208  136  115  107  141  120  123  118   37254U
1284080 5 370146  247  349  420  482  508  520  534  546  537  497  423   37254U
1184080 5 470374  320  282  242  190  150  118  111  101  108  103   93   37254U
1284080 5 470 84  173  283  337  407  413  447  435  424  421  404  375   37254U
1184080 5 570337  294  248      C156      C    C    C 91   77   85   71   37254U
1284080 5 570102  207  324  404      C486  518  521  507  483  458  453   37254U
1184080 5 670403  359  302  235  180  148  127  120   83   85  101  109   37254U
1284080 5 670141  216  249  285  301  328  323  310  302  291  273  254   37254U
1184080 5 770240  202  169  135  110   80   75   75   69   64   52   43   37254U
1284080 5 770 81  182  298  406  470  507  549  578  578  579  540  450   37254U
1184080 5 870378  320  300  257  212  198  200  196  189  173  161  151   37254U
1284080 5 870170  246  323  399  463  507  561  551  543  536  506  457   37254U
1184080 5 970408  372  330  262  217  198  200  199  192  181  145  115   37254U
1284080 5 970135  204  287  369  422  445  482  471  487  464  433  394   37254U
1184080 51070355  296  252  204  159  117  112   96   81   81   81   78   37254U
1284080 51070107  186  242  264  272  290  316  321  324  319  290  268   37254U
1184080 51170248  240  217  189  153  125  112  108  102  102   85   82   37254U
1284080 51170119  146  192  219  301  378  414  463  504  483  456  417   37254U
1184080 51270350  323  288  240  213  175  153  156  148  140  128  116   37254U
1284080 51270142  196  218  235  245  252  257  272  265  255  248  237   37254U
1184080 51370213  200  176  156  123  110   95   95   85   76   73   67   37254U
1284080 51370 99  169  247  320  354  393  416  405  414  417  409  382   37254U
1184080 51470374  337  294  248  201  201  204  174  164  133  109   89   37254U
1284080 51470121  180  246  327  416  472  522  559  582  599  545  456   37254U
1184080 51570377  332  289  243  198  160  142  132  126  122  117  107   37254U
1284080 51570135  238  363  430  446  502  506  514  515  505  468  451   37254U
1184080 51670419  377  326  270  215  178  159  155  153  155  139  122   37254U
1284080 51670160  251  363  458  524  564  546  506  505  471  433  410   37254U
1184080 51770375  332  293  239  195  166  157  150  146  138  126  116   37254U
1284080 51770147  224  319  405  465  493  496  504  510  501  483  467   37254U
1184080 51870459  422  368  291  229  191  163  159  153  155  149  144   37254U
1284080 51870199  283  335  357  342  353  347  299  294  287  272  261   37254U
1184080 51970249  240  225  202  176  153  129  123  122  114  112  116   37254U
1284080 51970156  237  299  386  409  426  494  513  510  478  421  370   37254U
1184080 52070334  319  309  283  246  213  184  158  143  136  136  131   37254U
1284080 52070181  285  375  424  464  510  509  499  471  464  435  417   37254U
1184080 52170378  364  343  303  249  206  170  158  149  140  138  131   37254U
1284080 52170184  290  393  468  506  522  544  486  542  518  494  466   37254U
1184080 52270425  385  358  296  243  203  175  172  168  168  165  149   37254U
1284080 52270169  229  295  376  442      C502  499  505  372  430  381   37254U
1184080 52370341  323  292  252  210  203  195  170  160  154  130  121   37254U
1284080 52370158  215  296  380  420  439  480  497  500  463  457  426   37254U
1184080 52470403  379  349  309  259  213  197  194  195  187  171  169   37254U
1284080 52470209  270  301  350  382  419  436  465  483  474  425  378   37254U
1184080 52570339  319  286  246  212  201  191  186  173  160  155  128   37254U
1284080 52570155  171  168  177  169  192  203  218  240  245  245  240   37254U
1184080 52670236  222  210  189  167  154  157  156  156  142  120  120   37254U
1284080 52670176  281  370  441  478  493  538  538  528  502  473  447   37254U
1184080 52770413  375  357  316  252  234  209  198  188  170  162  159   37254U
1284080 52770218  333  434  501  552  559  589  596  593  554  517  489   37254U
1184080 52870450  420  389  328  264  224  205  202  198  191  175  171   37254U
1284080 52870233  333  424  510  540  558  567  584  564  519  505  464   37254U
1184080 52970431  401  371  314  266  241  217  203  194  186  171  171   37254U
1284080 52970236  311  374  414  427  427  400  404  398  390  382  370   37254U
1184080 53070338  317  301  256  215  199  185  192  183  167  153  145   37254U
1284080 53070172  223  280  346  382  416  425  432  442  441  425  392   37254U
1184080 53170379  369  321  255  209  181  175  161  159  157  144  130   37254U
1284080 53170161  222  297  341  335  283  268  254  233  235  235  211   37254U
2184080 54070375  332  294  248  209  181  161  157  149  140  128  118
2284080 54070155  223  298  378  420  451  496  499  505  474  435  417
2184080 55070 31   31   31   29   31   29   30   30   31   31   31   31
2284080 55070 31   31   30   30   29   30   31   31   31   31   31   31
1184080 6 170226  244  239  190  125   85   71   69   70   69   68   64   37254U
1284080 6 170 75  104  126  164  205  249  250  290  300  292  284  276   37254U
1184080 6 270251  244  239  191  161  126  113   93   99   79   74   75   37254U
1284080 6 270116  189  253  329  375  403  447  462  422  382  359  337   37254U
1184080 6 370318  301  285  240  182  148  120  117  116  107   81   89   37254U
1284080 6 370115  168  216  261  299  346  339  344  339  336  332  331   37254U
1184080 6 470336  315  292  244  196  167  149  161  153  142  131  124   37254U
1284080 6 470164  240  330  377  394  405  419  421  393  375  330  331   37254U
1184080 6 570329  301  269  228  176  153  133  115  113  110  109  111   37254U
1284080 6 570152  254  306  332  334  334  352  380  384  389  299  330   37254U
1184080 6 670310  304  295  254  192  147  145  121  117  113  104  103   37254U
1284080 6 670146  197  239  265  272  274  288  303  330  315  298  288   37254U
1184080 6 770269  258  262  224  200  160  167  153  120  103   80   68   37254U
1284080 6 770 89  134  180  226  228  250  248  259  259  280  254  277   37254U
1184080 6 870253  226  220  171  130  114   81   82   79   76   76   70   37254U
1284080 6 870 81  104  121  130  148  155  167  187  199  198  182  170   37254U
1184080 6 970161  158  159  141  120   98   79   79   73   63   56   64   37254U
1284080 6 970107  170  207  244  254  281  320  333  368  370      C    C 37254U
1184080 61070351  345  332  271  222  151  120  113  107  104   90   66   37254U
1284080 61070 93  151  192  236  259  253  271  286  296  248  227  212   37254U
1184080 61170216  183  205  167  145  114   75   69   65   52   33   40   37254U
1284080 61170 73  107  110  133  164  189  207  221  221  220  215  205   37254U
1184080 61270200  200  189  170  158  121  107  107  100  101   87   82   37254U
1284080 61270104  111  127  145  181  196  210  208  228  227  224  201   37254U
1184080 61370195  181  160  136  136  114  107  116  101   88   78   78   37254U
1284080 61370111  122  131  147  159  171  192  217  215      C    C    C 37254U
1184080 61470    C    C    C    C    C    C    C    C    C    C    C    C 37254U
1284080 61470    C    C    C    C    C    C    C    C    C    C    C    C 37254U
1184080 61570    C    C    C    C    C    C    C    C    C    C    C    C 37254U
1284080 61570    C    C    C    C    C    C    C    C    C    C    C    C 37254U
1184080 61670330  325  311  281  239  197  164  155  155  146  128  123   37254U
1284080 61670148  193  234  273  302  348  387  422  403  368  332  313   37254U
1184080 61770320  309  299  259  219  192  180  185  173  158  142  131   37254U
1284080 61770185  277  365  446  489  507  493  488  466  434  405  383   37254U
1184080 61870359  340  322  270  212  170  151  151  152  127  103   93   37254U
1284080 61870152  240  333  399  443  466  460  448  439  427  401  374   37254U
1184080 61970348  330  294  257  215  176  159  150  144  135  124  126   37254U
1284080 61970170  242  316  391  412  427  450  468  466  448      C    C 37254U
1184080 62070    C    C    C    C    C    C    C    C    C    C    C    C 37254U
1284080 62070    C    C    C442  455  429  458      C    C    C    C    C 37254U
1184080 62170    C    C    C    C    C    C    C    C    C    C    C    C 37254U
1284080 62170    C    C    C    C    C    C    C    C    C    C    C    C 37254U
1184080 62270    C    C    C    C    C    C    C    C    C    C    C    C 37254U
1284080 62270    C    C    C    C    C    C    C    C    C    C    C    C 37254U
1184080 62370    C    C    C    C    C    C    C    C    C    C    C    C 37254U
1284080 62370    C    C    C330  329  319  327  354  330  321  313  312   37254U
1184080 62470285  260  243  211  185  164  127  120  113  102   90   83   37254U
1284080 62470 86  165  201  241  264  290  321  347  359  350  335  318   37254U
1184080 62570289  271  264  224  155  119   98   91   94   93   89   87   37254U
1284080 62570113  159  205  241  260  254  239  240  241  239  226  216   372544
1184080 62670212  217  204  172  143  126  107   95   86   96   85   71   37254U
1284080 62670113  175  236  290  315  357  392  411  420  390  333  267   37254U
1184080 62770235  194  155  125  120  113   98   98   93   87   75   67   37254U
1284080 62770113  176  229  252  267  274  283  285  288  277  267  256   37254U
1184080 62870246  252  249  214  177  150  146  132  116  104  102  103   37254U
1284080 62870159  244  296  331  361  371  376  344  310  282  267  266   37254U
1184080 62970252  239  221  200  171  145  130  122  108   96   91   77   37254U
1284080 62970126  214  325  408  432  446  452  448  433  392  352  337   37254U
1184080 63070313  299  288  237  203  164  126  113  105   86   86   84   37254U
1284080 63070108  164  231  283  291  310  317  317  336      C    C    C 37254U
2184080 64070277  259  255  219  176  147  123  115  107  101   88   82
2284080 64070113  172  230  269  295  314  324  344  336  336  299  288
2184080 65070 24   24   24   24   24   24   24   24   24   24   24   24
2284080 65070 24   24   24   26   26   26   26   25   25   23   21   21
1184080 7 170    C    C    C    C    C    C    C    C    C    C    C    C 37254U
1284080 7 170    C    C    C276  302  348  390  412  407  426  396  345   37254U
1184080 7 270310  303  297  267  218  183  164  148  134  129  144  133   37254U
1284080 7 270167  229  292  312  318  347  372  378  379  376  373  361   37254U
1184080 7 370351  329  298  252  193  153  144  139  140  135  131  134   37254U
1284080 7 370166  190  220  251  258  278  297  314  327  326  324  288   37254U
1184080 7 470260  254  242  224  191  166  151  139  129  127  126  116   37254U
1284080 7 470151  223  284  346  341  376  375  361  349  342  339  353   37254U
1184080 7 570344  332  313  276  234  209  175  168  154  145  142  130   37254U
1284080 7 570141  163  185  212  206  236  250  232  248  221  199  203   37254U
1184080 7 670205  220  221  201  158  125  103   93   91   91   90   87   37254U
1284080 7 670 97  135  172  214  254  279  298  306  324  342  324  307   37254U
1184080 7 770297  283  251      C    C    C    C129  123  107   89   88   37254U
1284080 7 770115  158  169  185  190  202  229  239  250  254  249  249   37254U
1184080 7 870239  227  227  216  212  176  182  156  131  112  101   85   37254U
1284080 7 870109  157  193  214  241  266  319  346  354  350  324  332   37254U
1184080 7 970277  252  239  217  171  144  131  119  112  108  103    3   372 4U
1284080 7 970112  135  157  171  198  211  229  239  251  257  261  249   37254U
1184080 71070222  207  198  169  145  122  112  105   95   88   87   80   37254U
1284080 71070110  150  184  242  256  280  298  324  318  316  298  275   37254U
1184080 71170234  213      C    C    C    C    C    C    C    C    C    C 37254U
1284080 71170    C    C    C    C    C    C    C    C278  265  250  234   37254U
1184080 71270221  229  211  184  159  134  118  112  107   97   88   82   37254U
1284080 71270103  154  211  261  301  315  325  325  325  315  281  263   37254U
1184080 71370239  226  227  213  183  155  138  134  139  129  116   98   37254U
1284080 71370119  192  272  347  395  398  370  383  336  289  270  250   37254U
1184080 71470232  228  224  211  171  122  100   88   80   81   74   67   37254U
1284080 71470 96  167  218  265  288  326  330  336  332  330  286  280   37254U
1184080 71570268  248  237  203  165  146  108  109  105   98   75   63   37254U
1284080 71570 85  165  271  345  367  367  343  367  375  366  323  289   37254U
1184080 71670279  276  258  238  182  150  119  108   91   83   82   76   37254U
1284080 71670 97  159  242  333  373  407  415  412  377  367  338  316   37254U
1184080 71770300  280  259  238  203  172  139  134  142  120  112   93   37254U
1284080 71770105  149  186  215  227  245  253  260  274  280  271  268   37254U
1184080 71870256  249  246  204  168  144  131  121  120  117  113  105   37254U
1284080 71870146  244  293  373  388  434  458  443  450      C466  503   37254U
1184080 71970    C    C    C    C    C    C    C    C    C    C    C    C 37254U
1284080 71970    C    C    C    C    C    C    C    C258  252  249  236   37254U
1184080 72070238  223  208  164  127  102   99   95   85   75   74   66   37254U
1284080 72070 91  156  235  330  382  385  387  403  407  391  354  321   37254U
1184080 72170288  270  257  234  196  173  169  148  124  108   98   88   37254U
1284080 72170109  177  243  305  354  373  403  407  429  411  378  361   37254U
1184080 72270347  323  284  248  209  166  151  153  152  153  145  135   37254U
1284080 72270163  234  246  239  230  240  245  249  254  258  257  253   37254U
1184080 72370248  246  240  208  193  157  145  145  145  141  130  117   37254U
1284080 72370147  242  353  427  456  472  494  495  463  445  415  373   37254U
1184080 72470363  341  320  286  240  210  192  185  186  171  156  146   37254U
1284080 72470164  252  361  407  424  458  462  460  464  446  423  384   37254U
1184080 72570338  317  298  275  218  183  165  152  140  139  130  142   37254U
1284080 72570176  246  308  359  350  361  376  385  406      C    C    C 37254U
1184080 72670    C    C    C    C    C    C    C    C    C    C    C    C 37254U
1284080 72670    C    C    C    C    C    C277  277  260  242      C224   37254U
1184080 72770231  233  220  188  159  134  132  120  124  116  110  102   37254U
1284080 72770123  181  204  215  239  253  273  284  291  283  271  259   37254U
1184080 72870254  251  248  232  197  165  146  141  142  127  113   94   37254U
1284080 72870106  165  215  258  270  277  293  312  322  322  299  286   37254U
1184080 72970272  252  245  206  169  140  120  120  115  116  104   86   37254U
1284080 72970102  155  200  239      C321  338  349  374  381  349  319   37254U
1184080 73070317  301  290  244  198  154  130  136  135  125  113  105   37254U
1284080 73070118  165  207  212  234  249  295  330  339  384  319  294   37254U
1184080 73170323  284  237  199  161  127  125  114  120  106   84  114   37254U
1284080 73170164  215      C    C358  393  411  385  367  353  350  350   37254U
2184080 74070270  252  245  216  187  153  135  134  124  116  110   94
2284080 74070115  165  219  261  301  323  330  346  336  330  323  288
2184080 75070 28   28   27   26   26   26   26   27   27   27   27   27
2284080 75070 27   27   26   27   27   28   2    2    31   2    2
1184080 8 170257  257  253  215  174  138  111  111  118  118  109   93   36255U
1284080 8 170110  171  240  292  298  296  325  330  316  301  297  290   36255U
1184080 8 270282  276  268  244  198  150  117  111  107  106  101   98   36255U
1284080 8 270110  159  194  217  246  277  308  323  316  324  326  325   36255U
1184080 8 370332  326  312  291  235  176  149  150  140  130  117  111   36255U
1284080 8 370114  141  153  165  176  194  184  194  193  192  195  196   36255U
1184080 8 470185  171  160  130  112   97   79   74   66   65   58   53   36255U
1284080 8 470 68  113  155  192  201  233  242  250  253  249  240  237   36255U
1184080 8 570235  229  225  199  146  114   93   84   80   75   75   70   36255U
1284080 8 570 79  148  197  207  208  226  241  247  250  244  230  218   36255U
1184080 8 670210  208  201  198  172  144  119      C    C    C    C    C 36255U
1284080 8 670    C144  200  210  229  242  250  248  262  271  275  271   36255U
1184080 8 770248      C    C188  141  108   96   97   96   95   88   80   36255U
1284080 8 770 87  127  158  193  209  231  228  234  241  246  245  238   36255U
1184080 8 870216  206  196  167  142  106   88   81   83   82   78   74   36255U
1284080 8 870 78  128  183  215  245  279  292  315  345  359  340  323   36255U
1184080 8 970300  272  241  207  179  133  110   91   82   81   82   82   36255U
1284080 8 970 93  162  250  333  377  427  455  459  471  458  426  383   36255U
1184080 81070334  328  285  244  196  149  128  123  128  126  110   94   36255U
1284080 81070 97  156  233  284  327  352  374  419  423  410  386  340   36255U
1184080 81170295  284  256  232  189  155  131  121  117  116  113  111   36255U
1284080 81170118  194  286  361  364  377  408  411  395  375  360  328   36255U
1184080 81270294  291  290  265  238  175  141  117  114  110  109  112   36255U
1284080 81270119  184  242  298  330  342  369  374  373  363  334  329   36255U
1184080 81370326  311  290  254  212  173  145  145  136  125  118  112   36255U
1284080 81370122  210  324  408  416  452  494  511  513  509  461  400   36255U
1184080 81470379  347  314  321  228  180  154  137  128  123  119  117   36255U
1284080 81470120  200  286  401  406  435  479  490  489  448  412  380   36255U
1184080 81570346  340  318  279  245  208  182  162  146  141  130  127   36255U
1284080 81570143  209  293  364  411  445  443  436  432  421  410  387   36255U
1184080 81670368  334  296  244  208  187  165  159  157  158  157  135   36255U
1284080 81670132  186  235  245  257  289  295  307  321  288  275  257   36255U
1184080 81770256  237  207  177  148  113   86   77   79   93  107  117   36255U
1284080 81770130  191  271  346  417  428  460  479  470  448  398  364   36255U
1184080 81870316  279  251  212  174  130  113  116  114  107  102   90   36255U
1284080 81870 98  153  203  282  344  382  412  402  373  333  294  282   36255U
1184080 81970258  252  217  186  150  121  117  105   94   79   70   59   36255U
1284080 81970 63  137  218  282  284  299  320  321  332  330  318  299   36255U
1184080 82070274  240  212  176  145  113  107   95   84   75   72   70   36255U
1284080 82070 76  109  146  215  242  279  307  334  342  343  321  307   36255U
1184080 82170299  253  224  168  129  104   81   72   71   75   80   76   36255U
1284080 82170 78  128  198  258  291  317  329  323  292  259  240  225   36255U
1184080 82270214  209  196  167  143  105   83   81   85   82   81   64   36255U
1284080 82270 60  126  216  293  322  348  388  408  408  392  365  331   36255U
1184080 82370288  260  224  177  134  104   83   75   62   51   49   45   36255U
1284080 82370 56  141  225  257  266  278  280  283  283  273  254  240   36255U
1184080 82470214  199  176  159  132  104   78   76   76   69   65   59   36255U
1284080 82470 47  107  164  245  278  284  287  315  328  323  312  284   36255U
1184080 82570258  237  205  169  147  116   90   74   66   61   58   58   36255U
1284080 82570 58  119  197  274  291  309  321  348  354  336  330  296   36255U
1184080 82670296  296  261  235  193  152  115   87   87   81   80   76   36255U
1284080 82670 75  112  168  192  211  241  247  257      C255  249  259   36255U
1184080 82770256  237  208  171  149  124  118  108  110   98   88   85   36255U
1284080 82770 92  120  138  161  173  199  232  261  266  239  223  209   36255U
1184080 82870203  197  165  130  114  104   96   92   93   92   89   84   36255U
1284080 82870 85  151  238  294  292  300  333  355  359  335  313  287   36255U
1184080 82970280  267  249  205  163  134  117  108   98   97   92   90   36255U
1284080 82970 97  156  232  271  266  287  332  378  416  427  408  409   36255U
1184080 83070366  329  282  236  200  159  138  130  127  123  118  112   36255U
1284080 83070110  138  167  198  227  266  310  359  406  408  373  331   36255U
1184080 83170291  255  214  197  161  125  108   91   78   94  104  103   36255U
1284080 83170 99  141  190  207  228  243      C    C    C323  308  299   36255U
2184080 84070282  258  233  199  163  130  113  101   95   94   90   87
2284080 84070 95  144  203  258  278  289  320  332  345  333  318  299
2184080 85070 31   30   30   31   31   31   31   30   30   30   30   30
2284080 85070 30   31   31   31   31   31   30   30   29   31   31   31
1184080 9 170286  259  229  197  169  159  150  111  102  102   97   87   36255U
1284080 9 170 81  131  211  298  353  392  411  394  410  394  372  344   36255U
1184080 9 270330  294  252  212  169  147  129  120  113  108  106  102   36255U
1284080 9 270102  162  247  298  342  370  386  395  388  368  335  331   36255U
1184080 9 370335  328  283  233  183  140  122  116  110  116  111  111   36255U
1284080 9 370117  172  299  348  400  461  502  520  542  509  462  419   36255U
1184080 9 470384  378  340  290  242  186  156  156  161  159  125  121   36255U
1284080 9 470118  181  300  403  460  480  490  512  522  489  464  461   36255U
1184080 9 570422  375  307  241  174  132  120  117  120  120  119  112   36255U
1284080 9 570102  146  188  206  236  282  338  418  412  411  374  331   36255U
1184080 9 670292  249  194  153  123  109   99   83   73   73   81   81   36255U
1284080 9 670 81  159  202  202  208  243  286  310  325  291  262  255   36255U
1184080 9 770249  250  182  106   65   62   78   72   73   74   74   74   36255U
1284080 9 770 72  136  246  307  293  332  377  402  424  427  415  367   36255U
1184080 9 870325  289  250  198  159  122   94   79   77   73   74   71   36255U
1284080 9 870 71  155  300  381  424  456  496  527  553  532  485  421   36255U
1184080 9 970376  322  244  174  132  105   72   69   69   69   69   65   36255U
1284080 9 970 61  112  200  272  298  336  364  418  463  457  421  383   36255U
1184080 91070343  297  248  180  132  101   75   72   70   73   71   70   36255U
1284080 91070 68  127  246  290  339  403  433  455  458  436  417  388   36255U
1184080 91170359  304  248  177  135  111   88   82   74   73   76   74   36255U
1284080 91170 73   95  203  271  331  373  405  452  454  455  433  385   36255U
1184080 91270332  256  196  130   95   74   62   74   73   73   73   80   36255U
1284080 91270 74   80  106  173  260  275  284  290  306  281  274  270   36255U
1184080 91370272  246  171  123  111   90   80   78   74   73   62   52   36255U
1284080 91370 34   44   75  168  229  254  255  233  230  243  249  237   36255U
1184080 91470223  187  135  137  102   96   87   90   90   79   78   77   36255U
1284080 91470 69  126  203  246  278  326  385  432  455  441  423  414   36255U
1184080 91570430  398  320  241  152  115  105   96   73   74   73   87        U
1284080 91570 78  138  250  326  380  432  477  491  522  508  462  432        U
1184080 91670413  359  286  208  163  132  118  112  117  110  117  116        U
1284080 91670112  142  236  292  342  393  461  471  491  486  479  460        U
1184080 91770434  376  290  224  175  145  128  122  121  116  118  116        U
1284080 91770112  149  241  281  336  388  428  450  465  465  431  391        U
1184080 91870389  342  259  194  157  136  115  111  115  111  121  120        U
1284080 91870116  143  236  331  370  403  431  456  455  450  429  418        U
1184080 91970417  378  307  209  161  141  131  127  124  111  112  110        U
1284080 91970101  129  262  377  427  450  447  456  465  476  468  427        U
1184080 92070431  381  283  213  162  139  133  136  137  118  116  126        U
1284080 92070154  192  333  434  477  528  561  577  569  546  496  483        U
1184080 92170451  396  309  229  186  160  151  148  149  146  117  122        U
1284080 92170144  176  300  400  435  471  506  523  540  537  518  506        U
1184080 92270489  439  346  250  196  166  152  146  160  147  139  152   36251U
1284080 92270151  172  276  394  436  519  569      C    C583  530  498   36251U
1184080 92370468  420  331  247  206  177  162  150  147  141  154  154   36251U
1284080 92370155  182  303  399  446  472  516  542  559  551  533  484   36251U
1184080 92470484  407  293  231  201  185  172  163  163  158  154  166   36251U
1284080 92470162  185  281  357  412  464  515  545  557  550  525      C 36251U
1184080 92570468  420  328      C    C172  157  155  152  155  159  158   36251U
1284080 92570156  176  259  325  376  425  496  521  534  529  497  466   36251U
1184080 92670428  376  289  229  188  159  148  141  139  153  159  173   36251U
1284080 92670173  199  323  420  463  486  527  552  587  588  552  511   36251U
1184080 92770466  412  327  257      C    C    C    C    C    C    C    C 36251U
1284080 92770    C254  372  455  507  553  607  650  676  686  679  645   36251U
1184080 92870999  520  399  326      C    C    C    C    C    C    C    C 36251U
1284080 92870    C302  418  537   50  690  727      C756  759  766  727   36251U
1184080 92970681  591  453  364      C    C    C    C    C    C    C    C 36251U
1284080 92970    C185  292  384  476  544  619  625  619  631  628  583   36251U
1184080 93070524  445  301  206  148  127  117  105  100   93   92   89   36251U
1284080 93070 83  114  246  344  409  487  531  570  590  581  557  523   36251U
2184080 94070417  375  298  233  169  140  122  116  115  111  117  112
2284080 94070112  160  274  339  390  444  483  481  522  498  463  421
2184080 95070 30   30   30   29   26   27   27   27   27   27   27   27
2284080 95070 27   30   30   30   30   30   30   28   29   30   30   29
118408010 170457 M391 M247 M151 M117 M116 M116 M117 M117 M117 M116 M121 M 36255U
128408010 170121 M150 M258 M372 M449 M506 M595  623  636  632  626  612   36255U
118408010 270585  507  372  285      C    C    C    C    C    C    C116   36255U
128408010 270119  149  264  397  487  567  594  623  639  637  631  610   36255U
118408010 370566  462  317  233  202      C    C    C    C    C    C    C 36255U
128408010 370    C152  282  373  448  518  574  625  644  657  658  627   36255U
118408010 470570  500  369  282  160  159  159  159  160  160  160  159   36255U
128408010 470161  176  274  332  436  484  502  632  578  523  495  462   36255U
118408010 570536  488      C    C    C    C    C    C    C    C    C    C 36255U
128408010 570    C    C    C    C    C    C    C    C    C    C    C    C 36255U
118408010 670    C    C    C    C    C    C    C    C    C    C    C    C 36255U
128408010 670    C    C    C    C    C    C    C526  546  507  473  437   36255U
118408010 770393  294  206  147   88   66   93   77   73   69   70   74   36255U
128408010 770 88  123  228  348  449  538  576  590  601  615  621  560   36255U
118408010 870507  365  246  167  118   98   83   76   76   77   76   74   36255U
128408010 870 72  111  244  346  464  572  651  686  675  657  636  615   36255U
118408010 970552  460  333  243  150   96   77   73   69   70   74   72   36255U
128408010 970 70  110  249  370  491  569  648  722  751  753  710  652   36255U
1184080101070556  422  286  188  134  115   99   98   89   85   85   84   36255U
1284080101070 83  118  255  417  549  653  719  765  813  806  797  740   36255U
1184080101170716  581  410  246  144  124  128  143  142  129  157  151   36255U
1284080101170155  182  218  314  376  410  463  487  504  503  503  503   36255U
1184080101270498  452  369  156  121      C    C    C    C    C    C    C 36255U
1284080101270102  125  261  418  536  629  700  723  743  716  690  634   36255U
1184080101370548  417  286  199  160  154  140  123  121  119  117  116   36255U
1284080101370112  137  254  407  502  598  652  675  695  693  678  608   36255U
1184080101470515  407  294  234  183  164  153  150  147  145  116  117   36255U
1284080101470118  145  281  398  497  591  665  717  762  743  718  682   36255U
1184080101570606  609  372  288  232  202  175  170  168  163  164  167   36255U
1284080101570166  200  368  508  598  694  760  799  813  803  756  671   36255U
1184080101670581      C    C    C    C    C    C    C    C    C    C    C 36255U
1284080101670    C    C    C371  450  502  560      C    C    C    C    C 36255U
1184080101770    C    C    C    C    C    C    C    C    C    C    C    C 36255U
1284080101770    C    C    C    C    C    C    C    C    C    C    C    C 36255U
1184080101870    C    C    C    C    C    C    C    C    C    C    C    C 36255U
1284080101870    C    C    C    C    C    C    C    C    C    C    C    C 36255U
1184080101970    C    C    C    C    C    C    C    C    C    C    C    C 36255U
1284080101970    C    C    C    C    C    C    C    C    C    C    C    C 36255U
1184080102070    C    C    C    C    C    C    C    C    C    C    C    C 36255U
1284080102070    C    C    C    C    C    C    C    C    C    C    C    C 36255U
1184080102170    C    C    C    C    C    C    C    C    C    C    C    C 36255U
1284080102170135  160  287  421  493  569  641  668  668  658  645  573   36255U
1184080102270482  363  275  194  156  152  147  145  133  129  128  120   36255U
1284080102270103  117  232  345  463  549  594  660  710  704  714  679   36255U
1184080102370577  409  359  250  209  192  167  156  150  156  146  156   36255U
1284080102370159  145  245  327  376  503  617  594  555  513  473  454   36255U
1184080102470406  328  204  140  116   99   88   83   79   76   90   86   36255U
1284080102470 69   86  209  377  521  622  680  725  712  688  664  608   36255U
1184080102570496  375  259  194  141  124  120  119  117  119  120  131   36255U
1284080102570103  127  244  385  456  568  691  760  795  793  746  696   36255U
1184080102670593  472  365  285  207  163  136  119  130  119  136  135   36255U
1284080102670125  134  247  378  509  579  677  697  709  690  668  596   36255U
1184080102770467  305  209  143  116   99   84   82   82   85   89   87   36255U
1284080102770 78   79  183  290  412  487  549  546  558  583  560  521   36255U
1184080102870422  271  177   87   60   54   50   46   85   83   81   79   36255U
1284080102870 73   78  172  242  380  434  471  554  555  563  563  514   36255U
1184080102970430  301  215  157  128  118  109  105  105  104  106  103   36255U
1284080102970 90   75      C    C    C    C    C544 M559 M583 M574 M552 M 36255U
1184080103070450 M    C    C    C    C    C    C    C    C    C    C    C 36255U
1284080103070    C    C    C    C486  539  568  594  591  583  566  511   36255U
1184080103170444  358  247      C107   93   87   84   81   76   74   80   36255U
1284080103170 78   65  171  356  476  545  643  654  624  586  518  502   36255U
2184080104070548  417  290  199  144  124  120  119  117  119  116  116
2284080104070103  127  248  373  481  567  629  660  668  657  645  608
2184080105070 25   23   22   21   21   19   19   19   19   19   19   20
2284080105070 22   23   22   23   24   24   24   25   25   25   25   25
118408011 170451  366  253  150   97   80   65   62   68   71   72   74   36255U
128408011 170 74   87  230  371  503  578  638  678  670  623  591  527   36255U
118408011 270454  325  215  126   81   66   54   48   50   51   45   37   36255U
128408011 270 31   38  158  295  398  494  554  587  634  638  630  583   36255U
118408011 370484  367  240  171      C    C    C    C    C    C    C    C 36255U
128408011 370    C    C    C    C    C    C    C    C    C    C    C    C 36255U
118408011 470    C    C    C    C    C    C    C    C    C    C    C    C 36255U
128408011 470    C    C    C382  487  574  652  709  773  752  721  620   36255U
118408011 570489  321  218  133      C    C    C    C    C    C    C    C 36255U
128408011 570    C    C172  353  501  578  591  589  598  586  590  535   36255U
118408011 670428  291  183      C    C    C    C    C    C    C    C    C 36255U
128408011 670    C    C162  330  470  570  628  643  680  673  640  590   36255U
118408011 770495  355  276  183  116      C118  113  109  106   98   94   36255U
128408011 770 86   93  211  378  498  579  624  682  705  678  650  611   36255U
118408011 870511  408  302  223  163  129  117  107  100   96   95   91   36255U
128408011 870 84   95  213  358  450  540  610  665  673      C666  599   36255U
118408011 970507  380  283  192  141  114  113  112  113  109  106  100   36255U
128408011 970 93   96  212  425  556  647  710  764      C    C    C    C 36255U
1184080111070    C    C    C    C    C    C    C    C    C    C    C    C 36255U
1284080111070    C    C    C    C    C    C    C    C721  730  718  680   36255U
1184080111170590  471  332  207  153  130  124  123  120  104   84   84   36255U
1284080111170 85  100  205  384  546  719  841  894  935  986  977  851   36255U
1184080111270712  532  398  286  248  208  167  140  120  108  103   98   36255U
1284080111270 91   99  204  361  510  593  684  731  726  719  689  643   36255U
1184080111370538  373  258  188  146  114   97   83   81   84   88   91   36255U
1284080111370 84   87  180  307  407  536  634  689  738  737  728  681   36255U
1184080111470538  374  249  158  111  106  101  100  109  109  106   98   36255U
1284080111470 94   85  170  321  419  536  633  673  718  748  718  651   36255U
1184080111570561  409  258  165  136  144  133  127  139  126  110  103   36255U
1284080111570107  111  214  339  511  643  746  775  777  769  721  662   36255U
1184080111670567  429  289  188  144  123  123  122  124  126  127  124   36255U
1284080111670121  129  213  335  452  597  656  714  686  636  546  518   36255U
1184080111770448  330  241  159  121   98   78   82   86   86   77   90   36255U
1284080111770 98  110  190  329  429  511  571  604  624  612  594  537   36255U
1184080111870454  325  209  142   94   72   62   55   56   55   57   58   36255U
1284080111870 53   57  153  316  474  541  614  667  685  681  649  596   36255U
1184080111970474  341  232  167  118   97   82   79   80   86   82   84   36255U
1284080111970 88   96  166  300  415  534  675  719  678  646  586  479   36255U
1184080112070395  313  204  140  110   93   83   81   81   91   83   82   36255U
1284080112070 80   82  157  287  410  555  688  715  724  667  618  551   36255U
1184080112170464  322  237  156  125  124  117  116  113  112  106   93   36255U
1284080112170 91   90      C295  393  505  564  578  573  561  556  511   36255U
1184080112270425  298  179  121   85   84   88   88   88   87   87   77   36255U
1284080112270 68   64  130  270  368  487  575  622  623  579  525  488   36255U
1184080112370369  246  157   94   69   62   62   61   58   57   56   55   36255U
1284080112370 51   56  121  237  338  444  529  600  639  640  598  549   36255U
1184080112470427  340  239  153  112  100   92   79   78   78   76   71   36255U
1284080112470 67   67  126  278  367  475  610  643  649  604  589  541   36255U
1184080112570431  306  212  163  121  105   83   78   77   77   72   70   36255U
1284080112570 67   68  147  311  500  634  686  683  667  667  645  618   36255U
1184080112670539  408  284  192  132  117  103   97   99  101   99   95   36255U
1284080112670 83   80  168  359  503  615  624  624  629  641  600  536   36255U
1184080112770424  316  206  152  113  100   86   82   79   80   80   81   36255U
1284080112770 80   80  157  319  490  599  702  763  773  768  697  602   36255U
1184080112870496  348  226  151  122  115  108  105  103  107  103  102   36255U
1284080112870103  115  200  322  479  553  639  671  690  674  620  578   36255U
1184080112970452  299  203  119   82   77   75   77   76   70   69   72   36255U
1284080112970 74   68  142  266  441  545  594  663  669  678      C    C 36255U
1184080113070    C    C    C    C    C    C    C    C    C    C    C    C 36255U
1284080113070    C    C    C    C    C    C    C    C    C    C751  657   36255U
2184080114070474  341  239  158  119  105   94   85   87   89   85   87
2284080114070 84   87  170  322  470  555  633  673  680  670  640  590
2184080115070 27   27   27   26   24   23   24   24   24   24   24   24
2284080115070 24   24   25   27   27   27   27   27   27   26   27   27
118408012 170508  362  263  205  166  139  120  108   86   74   67   65   36255U
128408012 170 65   69  142  283  384  508  588  634  627  599  558  510   36255U
118408012 270412  297  228  165  106   78   72   70   68   66   66   67   36255U
128408012 270 66   66  135  275  385  490  563  579  560  578  545  499   36255U
118408012 370413  343  249  165  107   88   89   87   88   93   90   93   36255U
128408012 370101  107  155  295  427  540  621  671  658  638  578  497   36255U
118408012 470428  327  216  151  105   81   78   80   84   84   82   79   36255U
128408012 470 78   75  123  255  329  420  502  532  513  532  469  426   36255U
118408012 570321  225  127   87   79   73   71   73   73   73   74   71   36255U
128408012 570 65   65  118  238  339  389  441  468  512  505  458  413   36255U
118408012 670286  195  131   89   72   67   64   62   60   59   56   53   36255U
128408012 670 52   55  111  233  329  415  506  537  555  510  490  413   36255U
118408012 770308  209  130   89   75   74   74   74   75   74   74   72   36255U
128408012 770 68   65  117  247  337  388  476  490  495  491  489  417   36255U
118408012 870334  243  162   86   74   75   78   77   79   80   79   70   36255U
128408012 870 59   58  103  209  298  361  511  509  496  498  496  426   36255U
118408012 970325  265  195  111   72   62   61   67   71   77   79   81   36255U
128408012 970 77   70  115  247  360  424  473  534  546  523  530  479   36255U
1184080121070388  317  220  143  113   86   81   80   78   79   77   72   36255U
1284080121070 61   59  107  231  313  354  425  473  493  467  456  388   36255U
1184080121170299  214  120   52   30   28   28   26   24   27   29   33   36255U
1284080121170 30   27   77  214  331  441  524  600  617  602  598  552   36255U
1184080121270504  362  228  174  129   84   65   62   63   65   58   50   36255U
1284080121270 40   37   76  189  327  424  509  506  507  501  485  408   36255U
1184080121370318  234  128   81   50   36   34   34   34   35   36   36   36255U
1284080121370 36   35   81  213  324  388  428  473  502  485  459  430   36255U
1184080121470346  244  161  108   80   70   67   71   74   76   78   74   36255U
1284080121470 68   68  117  245  340  433  526  560  604  613  560  503   36255U
1184080121570409  294  205  144  106   87   80   78   78   79   77   73   36255U
1284080121570 66   69  125  274  388  515  577  631  627  558  548  476   36255U
1184080121670384  265  184  131  114  102   86   81   78   79   81   80   36255U
1284080121670 78   78  128  337  502  668  722  778  771  754  687  621   36255U
1184080121770501  348  234  149  110   92   83   80   76   76   76   74   36255U
1284080121770 69   63   99  206  295  376  463  513  518  503  478  427   36255U
1184080121870322  221  162  111   79   74   72   76   80   84   90   87   36255U
1284080121870 85   80  126  252  376  518  637  703  749  719  645  566   36255U
1184080121970469  310  212  151  119  110   81   76   79   83   96  100   36255U
1284080121970 80   75  104  262  380  381  417  418  403  410  407  405   36255U
1184080122070331  252  190  161  149  134  132  121  117  117  114  128   36255U
1284080122070124  150  204  325  456  519  679  708  687      C584  506   36255U
1184080122170417  292  226  156  120  114   86   82   82   84   85   89   36255U
1284080122170 88   84  114  239  335  451  554  667  653  638  633  586   36255U
1184080122270464  362  283  172  125  118  108   94   89   85   84   81   36255U
1284080122270 77   75  103  206  330  452  508  597  604  594  550  501   36255U
1184080122370408  273  212  157  100   77   74   72   71   71   70   68   36255U
1284080122370 65   63   89  206  291  390  501  478  501  469  464  414   36255U
1184080122470332  238  154   93   71   62   58   56   58   59   61   61   36255U
1284080122470 54   53   88  203  293  379  471  496  488  500  467  393   36255U
1184080122570291  215  148  105   72   62   62   64   63   64   65   61   36255U
1284080122570 54   58   94  202  293  372  459  472  500  494  464  416   36255U
1184080122670308  229  164  116   82   78   75   76   78   74   67   56   36255U
1284080122670 49   53   93  203  292  342  425  456  494  466  417  329   36255U
1184080122770256  189  118   86   58   51   48   56   60   63   66   66   36255U
1284080122770 52   53   94  220  376  434  424  491  483  460  444  378   36255U
1184080122870317  206  150  102   78   74   78   82   79   76   73   72   36255U
1284080122870 72   72  104  212  301  377  429  459  464  467  431  357   36255U
1184080122970272  235  157   83   71   66   69   71   74   75   77   77   36255U
1284080122970 77   75  111  254  394  488  581  562  532  541  511  469   36255U
1184080123070387  293  206  125   97   86   87   90   89  101  106  108   36255U
1284080123070 96   82  120  236  370  463  521  568  551  558  533  418   36255U
1184080123170326  221  146  101   79   78   76   77   79   79   82   81   36255U
1284080123170 76   73   93  214  300  406  473  539  580  580  548  494   36255U
2184080124070334  252  184  116   82   78   75   76   78   76   77   72
2284080124070 68   68  111  236  335  424  506  534  532  516  496  427
2184080125070 31   31   31   31   31   31   31   31   31   31   31   31
2284080125070 31   31   31   31   31   31   31   31   31   30   31   31
