;-----------------------------------------------------------------------
;;  Copyright (C) 1999-2000, 2002
;;  Associated Universities, Inc. Washington DC, USA.
;;
;;  This program is free software; you can redistribute it and/or
;;  modify it under the terms of the GNU General Public License as
;;  published by the Free Software Foundation; either version 2 of
;;  the License, or (at your option) any later version.
;;
;;  This program is distributed in the hope that it will be useful,
;;  but WITHOUT ANY WARRANTY; without even the implied warranty of
;;  MERCHANTABILITY or FITNESS FOR A PARTICULAR PURPOSE.  See the
;;  GNU General Public License for more details.
;;
;;  You should have received a copy of the GNU General Public
;;  License along with this program; if not, write to the Free
;;  Software Foundation, Inc., 675 Massachusetts Ave, Cambridge,
;;  MA 02139, USA.
;;
;;  Correspondence concerning AIPS should be addressed as follows:
;;         Internet email: aipsmail@nrao.edu.
;;         Postal address: AIPS Project Office
;;                         National Radio Astronomy Observatory
;;                         520 Edgemont Road
;;                         Charlottesville, VA 22903-2475 USA
;-----------------------------------------------------------------------
; NRAO/VLA Sky Survey (NVSS) from CATALOG39.FIT
;     2267 sources brighter than 1.000 Jy
;     Catalog made on 1998-07-10 with 1814748 entries
;RA(2000) Dec(2000)   Flux
; deg       deg        mJy
  0.08521  55.65239   1518
  0.22108  40.90052   1301
  0.84166 -17.45316   2415
  1.23802  12.80524   1071
  1.37727  69.39949   1105
  1.55780  -6.39310   2051
  1.59416  -0.07363   3898
  2.12217  -5.97935   1323
  2.46321  12.72599   1007
  3.15751  65.85292   1196
  3.29547   0.86178   1621
  3.29977  77.81294   2101
  3.37954  40.86000   1652
  3.43369  34.69464   1520
  3.50656   5.75297   1350
  3.70391  61.29529   4040
  3.77593  32.27037   1678
  3.85146 -38.07633   1261
  4.04573  -0.25401   1086
  4.13170  79.28103   3651
  4.71410 -12.70930   2123
  4.74823 -10.38168   1009
  4.94110  73.45813   1252
  5.10548  15.68131   2180
  5.35587  -0.92788   1165
  5.60591   0.24895   3010
  5.78176 -25.03844   1227
  5.79689 -25.04839   1106
  6.12549 -29.48025   2924
  6.22725  64.11551   4188
  6.25191  64.17014   4990
  6.31931  64.19458   1722
  6.33195  64.08566   3914
  6.37961 -33.05321   1365
  6.40143  64.17856   5037
  6.43407  64.11397   4771
  6.45486 -26.03689   8754
  6.45622  64.15031   1351
  6.55823 -20.08270   1174
  7.30908  34.94228   1903
  7.43798  63.97819   2993
  7.75716  54.03055   1389
  8.15987  19.89829   1990
  8.55998  39.40495   1866
  8.78669 -20.06644   1957
  9.02730  18.63306   1985
  9.03286  58.93025   2543
  9.26690  -1.15261   4068
  9.35136  60.50282   1261
  9.43619  13.33223   1844
  9.57512  12.45876   1034
  9.58505  -2.12788   6189
  9.61204 -38.99615   1631
  9.95346  74.72309   1033
 10.20980  10.05646   4603
 10.22921  33.16871   3224
 10.35835  -1.72083   1035
 10.51903  23.33359   1270
 10.58097  57.14354   1126
 10.78661  52.05956  11535
 11.17222  66.31150   1694
 11.17280 -35.50910   2560
 11.34683  13.66781   1370
 11.88805 -25.28809   2995
 12.43772  -2.71602   1345
 12.73764  51.20047   1304
 12.94648  17.78619   1368
 13.53501  -3.56553   2211
 13.95990  26.40999   1363
 13.99472  68.37190   7237
 14.39229  -1.38288   3203
 14.39823  -1.40183   2165
 14.77304   0.11430   2509
 14.77767 -17.01087   1757
 15.01641  66.84878   1032
 15.04253 -17.81512   1175
 15.21555  68.13890   1868
 15.69435  46.41059   1323
 15.70102  14.87787   1130
 15.70926  25.87129   1094
 16.09372 -12.58766   2126
 16.28888 -38.18255   1240
 16.46260  15.89458   1129
 16.85587  32.41052   1108
 16.87649  32.37248   1762
 17.07161 -16.07345   4202
 17.14193  69.37606   1011
 17.15781 -28.85770   1302
 17.16144   1.58302   2621
 17.21065  13.30871   8071
 17.22186  13.32422   1867
 17.23320  13.37239   2945
 17.35683 -34.78758   1020
 17.37460  73.18294   1069
 17.47078  73.21104   1783
 17.55296  68.09474   1714
 17.57830  31.78889   1654
 17.74000  56.53800   1889
 17.78827 -13.96274   1308
 18.02120  14.73142   1430
 18.59826  48.39808   1643
 18.82127  -1.45164   1077
 19.05193 -11.60415   1785
 19.21428 -20.86851   4092
 19.36202   7.69696   1540
 19.38676  89.48020   2061
 19.49790  45.60598   1248
 19.56401  -1.34176   1250
 19.56572 -25.86332   1017
 19.57734   2.96823   1522
 19.64274 -18.82080   1171
 19.75529   8.49853   2628
 19.89590  32.18056   2636
 20.11300 -15.33804   5082
 20.25430   3.73747   1092
 20.42341  11.83053   1185
 20.48701   4.37334   1066
 20.61632  -4.35765   1473
 21.18660 -25.28873   1083
 21.37013  -0.09903   1541
 21.49591  72.76169   1519
 21.51946  -1.40053   2015
 21.67823  25.98351   1003
 21.68500  33.21933   3714
 21.72680  19.21468   1409
 21.84668   9.24218   1693
 21.87601 -14.04919   2612
 22.12608  29.04996   2891
 22.49912  23.63872   2941
 22.59776  26.13604   1699
 22.61702 -26.16676   1465
 22.77938   4.17104   1027
 22.83191  25.34200   1698
 22.83202   4.25823   1358
 22.83957   6.39383   1432
 22.90222  -7.06590   1204
 23.05084  -6.87688   1260
 23.55952 -36.47588   1818
 23.81262   8.18536   2247
 24.09678  20.94929   2339
 24.10589  20.96346   1563
 24.22601  30.24212   1469
 24.24410  47.85814   1138
 24.40869 -24.51511   1182
 24.42196  33.15988  16018
 24.98951   1.53092   1312
 25.05343  -9.94920   1176
 25.28806  13.89119   2741
 25.36320 -27.10212   1566
 25.51101  58.31422   1069
 25.60442 -16.47274   1085
 26.04852  34.19926   1055
 26.68792  -5.63297   1212
 26.74490  21.17343   1173
 27.12365  53.54551   3834
 27.44198  36.47570   1027
 27.64245 -29.54516   1695
 27.66005 -29.51830   1282
 27.70972  -9.02452   1037
 28.00415 -29.68326   1017
 28.07511  22.11877   1042
 28.29217 -33.17369   1187
 28.78331   3.63981   1220
 28.87506  43.76443   1877
 29.19805 -36.26898   1297
 29.28447  28.86195   1186
 29.30349  28.86063   1439
 29.39637  74.71158   1801
 29.42332 -10.72798   2165
 29.68244 -14.21852   1642
 30.03188  21.95005   1011
 30.05061 -30.89068   3752
 30.16205  44.45435   1264
 30.40155  29.56126   1185
 30.42086  18.61146   1124
 30.48827 -11.54257   2753
 31.14471   9.06369   1815
 31.20998  15.23644   4068
 31.24032 -17.02206   1220
 31.32063  64.83353   5224
 31.39682  64.82633   9964
 31.40754  75.36887   1151
 31.48293  64.82710   3199
 31.55490  64.82380   1649
 31.75399  29.51116   1613
 31.76238  62.77001   1692
 31.78135   6.98230   1629
 31.84667  79.93395   1363
 32.40840  61.68636   1080
 32.41058  35.79725   2087
 32.44782   9.83385   1016
 32.52832 -10.96589   1716
 32.80260  21.32572   1356
 33.77480  20.01419   1016
 33.89743 -12.99154   2765
 33.91297 -12.99256   1917
 34.25766  28.08285   1024
 34.37868  73.82565   2272
 34.48813 -16.51956   1025
 35.19774  11.36181   1490
 35.22617  -1.94773   3420
 35.27283  35.93711   1708
 35.50817   8.44649   1773
 35.64966  86.29090   1807
 35.66452  43.03568   2304
 35.70142  86.31425   3674
 35.76430  54.81362   1343
 35.80278  42.99371   1494
 35.84019  42.99218   3221
 35.92955  40.01471   3109
 35.93261 -28.31638   1154
 36.05112  27.83653   3025
 36.22534  76.93188   1927
 36.26087 -23.21322   2096
 36.28368  -0.59217   1185
 36.35655  62.00298   1557
 36.36365  62.06147   1066
 36.38184  62.10530   5390
 36.43377  62.10218  17676
 36.43496  62.06036   1587
 36.54306  34.35845   2895
 36.71910  62.26508  10969
 36.83428 -30.63021   1129
 37.20850  67.35052   1540
 37.31107  77.72133   2683
 37.54504  81.69164   1048
 37.94118  13.38187   1560
 38.11962  34.40163   2601
 38.22463  -6.76479   1410
 38.35309 -23.35149   1233
 38.77931  -4.03474   1496
 38.89741  29.14932   1268
 39.43240 -19.54317   4617
 39.46044  64.96510   1172
 39.46838  28.80265   2197
 39.51069  59.19755   3643
 39.62860  10.16883   1068
 39.66203  16.61628   1942
 40.03392 -23.15445   6257
 40.29428  72.03614   1610
 40.62161  11.01693   1665
 40.64968 -21.54051   1255
 40.66967  -0.01324   4849
 40.92621  50.15882   1164
 42.09476 -22.96614   1128
 42.54387  39.57769   1066
 42.76223   6.20310   1066
 42.89383  43.25437   1225
 43.49585  20.24907   1022
 44.06248 -23.41446   1505
 44.18715   9.48626   1392
 44.41480   6.04231   1228
 44.41780   6.06734   1471
 44.45276   6.03580   1872
 45.04680  82.04410   1379
 45.30375  50.75152   1431
 45.42642  35.20551   1844
 45.80096  16.44077   1387
 45.80438  -0.24995   1100
 45.82058  16.43440   1693
 45.82163  60.46448   1001
 46.09132  68.36023   1208
 46.23379 -35.94649   1149
 46.47482  62.95627   1041
 47.10414   4.11106   1831
 47.10941   4.11189   5748
 47.33310 -10.64432   1132
 47.49900  17.09983   4868
 47.62928  44.59667   1483
 48.10974  39.27513   1936
 48.19352 -14.83107   2189
 48.68193  43.23472   1292
 48.83765  10.21201   1627
 48.84492  -3.27951   1302
 49.56985  41.90488   1941
 49.57391  41.86986   1307
 49.74071  16.47586   8028
 49.95066  41.51169  22830
 50.36992 -29.67984   2062
 50.47127  12.35388   1907
 50.83461   5.56997   2794
 51.83021  55.34138   6939
 51.84628  12.14328   1209
 51.93629  55.37468   1205
 51.95781   2.55325   2438
 51.99589   2.56996   2813
 52.15220 -28.69663   1450
 52.46733  53.54290   2249
 52.49023  27.93773   1269
 52.52011 -16.64683   1198
 52.60392  71.83712   1392
 52.61352  41.02836   1700
 53.56543  -1.19252   1736
 53.62085  74.17576   1844
 53.65939  -5.57739   1666
 53.92842  70.93282   1114
 54.11065  13.04255   1990
 54.11684  53.64767   1199
 54.12551  32.30812   2677
 54.43089  50.76459   3336
 54.70086 -35.37197   1307
 54.87891  -1.77661   2424
 55.03560  32.15035   1613
 55.14841 -21.32548   1076
 55.22389   7.59038   1015
 55.52251 -37.05580   2060
 55.87493   4.96401   2809
 56.64760 -34.38319   1729
 56.78615 -11.12031   1040
 57.19540  33.88767   2366
 57.44211   5.87069   1134
 57.44514   5.85434   2128
 57.86342 -27.76558   1481
 57.86644 -14.46941   1011
 57.87337 -14.49897   2034
 57.91435 -27.73455   2637
 57.93764 -27.72050   1228
 58.01809  26.40499   1410
 58.13349  -7.18457   2931
 58.72961  72.91097   1555
 58.75761  61.40664   1552
 59.13940  19.00961   1052
 59.71624  10.40135   4045
 59.74044  10.45496   6527
 59.75381  14.60624   1232
 59.87350  50.96403   4297
 59.94448 -37.00721   1546
 60.06881 -16.17043   1854
 60.28181   0.60919   1676
 60.81420  51.32355   3120
 60.82039  51.30426   1938
 60.97411 -36.08379   1151
 61.39143 -13.13735   4218
 61.45514  38.05910   1593
 61.79648   3.72854   1078
 61.84273   3.68826   1225
 61.85600   3.67981   3267
 61.95185 -12.19260   2941
 61.99142 -27.95140   1362
 62.00800  43.02030   1784
 62.01885  42.99917   3243
 62.27783 -17.95261   2362
 62.34341  38.80940   1850
 62.69011  76.94588   5620
 62.78356  51.16625   4200
 62.78944  51.16294   3275
 62.81072   7.13117   1663
 62.91989  17.23475   1035
 63.09428  -0.99240   1575
 63.18166  23.08501   1477
 63.25390 -34.50275   1446
 63.32360  74.85174   2848
 63.41329  11.21286   1971
 63.42557  11.19581   2099
 63.65525  34.31430   1916
 63.65728   5.57867   2087
 63.66369  48.80419   1853
 63.78847 -29.48500   1182
 64.01805 -20.94110   2779
 64.15245 -18.85232   1249
 64.56573  38.01385   2925
 64.58735  38.03017   7731
 64.62422  38.04046   4313
 64.94584 -39.83437   1162
 65.08717  15.28432   1341
 65.09237  17.89868   1107
 65.20538  25.44096   1010
 65.21723  -5.62226   1058
 65.52108  76.45248   1043
 65.81584  -1.34234   2726
 65.82875  40.89275   1500
 65.94585 -34.04420   1327
 65.96457   0.51853   1691
 65.97187  34.86245   1297
 65.98324  41.83415   1756
 66.03582   2.07367   1150
 66.06718  21.44185   1113
 66.57989   4.84050   1326
 66.66912 -26.72922   1220
 66.78040 -13.04848   1087
 66.98740  17.87854   1014
 67.19331  55.30359   1711
 67.19435  21.55873   1338
 67.41765 -36.51559   2112
 67.76574  20.62616   3756
 67.77837   1.21523   1651
 68.15170  41.64141   9832
 68.25159 -29.93694   1105
 68.29597   5.35429   3439
 68.47874  -2.49890   1643
 68.61937  72.48665   1086
 68.80226   4.56601   1047
 68.88847  61.61750   1014
 69.26906  29.67062  49203
 69.40245 -29.90147   1091
 69.74630  48.81305   1321
 70.15217  50.46229   1232
 70.39084 -33.66769   1156
 70.49622   1.35036   1145
 70.66092  -0.29522   1773
 70.81559  61.31263   1724
 71.15103 -28.15620   3264
 71.16070 -28.17021   3475
 71.16878   2.79766   1145
 71.57429  39.75083   2024
 71.69517  50.62698   1311
 71.78719  33.46316   1171
 71.90521 -22.06006   2094
 72.26618  45.02676   4004
 73.19302  52.06613   1473
 73.23322  52.09309   1078
 73.31114 -28.12684   2542
 73.34726  31.49006   2883
 73.58363  57.96134   1468
 73.80964 -30.11311   3432
 73.84865 -20.57051   4564
 73.95395  -0.15765   1251
 74.05022 -21.99298   1091
 74.17929  22.82282   3433
 74.26326 -23.41445   1727
 74.60916 -30.12217   2666
 74.70317   6.13448   1194
 74.96683   2.49212   2067
 75.30336  -1.98688   2265
 75.60748  47.76804   1408
 75.74397  25.27348   5771
 75.83834   2.05127   2245
 76.17204  38.12029   4105
 76.17946  38.09417   2144
 76.17983  38.08412   3123
 76.22098 -10.24775   1483
 76.36412  63.09330   1209
 76.90200   3.13118   1050
 76.98580 -38.71051   1268
 77.37295  29.96549   1059
 77.54872 -12.17930   1228
 77.66398  29.15355   1970
 77.75263 -22.03243   1913
 77.75841  -7.57068   1120
 78.36872 -30.50939   1127
 78.52439   0.94058   1834
 78.83983 -13.63759   1637
 78.95120  37.92674   1128
 78.99903  24.98916   1133
 79.19411  10.96501   1205
 79.36891  45.61745   1336
 79.88512  50.90901   2069
 79.88960  27.73338   1702
 80.19794  45.47655   1317
 80.29138  16.63950   8603
 80.41215 -20.79407   1916
 80.45646  -6.21427   1045
 80.58328 -12.15280   1011
 80.74138 -36.45827  15620
 80.82730 -26.23600   1355
 80.88812 -32.85633   1078
 81.67730  32.83286   2168
 81.86764 -12.69729   1096
 82.12774  21.55053   1164
 82.24758  15.32059   1145
 82.29236  25.01433   1150
 82.53327 -25.05834   1162
 82.73518  13.53204   1557
 82.87206   6.50761   3234
 83.16253   7.54542   2729
 83.26591   4.09853   1935
 83.30116  21.98426   2004
 83.32038  21.95789   1324
 83.34820  22.27051   1381
 83.36740  21.97359   1143
 83.40375  21.57576   2130
 83.42226  22.25826   2148
 83.46904  21.98108   1046
 83.47625  21.74233   1240
 83.47761 -23.74154   1317
 83.49835  21.71005   2412
 83.50301  21.51694   1219
 83.52208  21.65952   2109
 83.54026  21.60619   1530
 83.54375  22.19636   1338
 83.55384  -5.48826   2394
 83.55885  21.68388   2111
 83.57678  21.86041   2324
 83.59204  -5.46470   1511
 83.59321  -5.41570   2465
 83.59735  21.60788   1375
 83.60127  21.99445   4359
 83.60607  22.03314 140554
 83.60719  27.53998   1043
 83.62014  22.00537 114409
 83.63250  22.03717  88975
 83.63448  22.00863 272175
 83.63893  21.77030   2116
 83.64710  22.00954 224279
 83.65676  21.83465   2141
 83.66508  22.02613   5895
 83.66764  21.99694  58897
 83.67725  69.00141   1056
 83.68551  19.45602   6999
 83.68895  21.87782   2422
 83.70404  22.19166   1004
 83.71174  10.07508   1061
 83.72773  22.00487   1168
 83.75679  22.31483   2153
 83.78395  22.12134   1087
 83.80191  21.75209   3317
 83.81730  22.13337   1363
 83.82152  -5.37574 105702
 83.82497  -5.40581  98042
 83.84413  21.69272   2291
 83.86980  21.63672   1490
 83.88035  -5.26322   6177
 83.88909 -12.03904   1358
 83.89497  21.69847   1652
 83.91748  22.24571   1341
 83.96633  22.06142   2788
 83.97440  22.08675   1164
 83.97685  22.03848   1518
 83.99673  22.05085   2502
 84.03258  -5.39096   1112
 84.15245  -5.26761   1064
 84.18710  -5.30031   1428
 84.20564  -5.44881   1201
 84.43801  34.30216   1819
 84.46829  36.18691   1043
 84.62936 -13.24274   1329
 85.19188  17.47756   1475
 85.26399  35.85190   1091
 85.40994  -1.87902   5259
 85.41499  -1.91360  17090
 85.44243  -1.91860   8656
 85.44646  -1.86693   1476
 85.44761  -1.90535  15116
 85.45495  47.48565   1805
 85.65061  49.85214  22880
 85.78136 -24.35082   1036
 85.86527  18.76191   2177
 86.57367 -17.43115   1046
 87.18450  26.60008   1165
 87.70699 -31.74058   1034
 87.82893  16.61159   2043
 88.33998  31.29751   1159
 88.42548  19.60834   1375
 88.87835  39.81350   1516
 88.88963  12.53901   1519
 89.06442 -32.38528   1173
 89.49985 -28.93018   1279
 89.98210  19.14793   1029
 90.51236 -38.31940   1177
 90.78423 -13.16922   1336
 90.79658 -34.44848   1014
 90.96484  21.99375   2772
 91.06098 -31.93239   2960
 91.11946  20.35615   1857
 91.47529 -35.30215   1337
 91.60820  64.74476   1042
 91.64022 -20.36701   2919
 91.94207  -6.38416   4111
 91.99891  -8.58061   1906
 92.38552  48.07116   4133
 92.42083 -15.71125   2743
 92.70395  72.81473   1042
 93.26749  17.97809   1757
 93.39039 -25.51063   1031
 93.45562  26.07705   5001
 93.59940  60.77270   1182
 93.90108  71.03752   1101
 94.15000 -34.93826   2873
 94.38469 -36.57061   2069
 94.38821  54.07427   1275
 94.65714  78.35663   1074
 94.73957  13.60876   1956
 94.90513 -20.90381   1021
 94.98766 -37.19543   1335
 95.01469 -37.19191   1467
 95.13390 -25.25457   1214
 95.42121  14.53663   2237
 95.47042   4.64292   1055
 95.71102  22.00711   1062
 95.91639  31.61456   1624
 96.23868  32.08468   1426
 96.26513  40.06402   2116
 96.44156  14.67213   2444
 96.44557  47.73496   1121
 96.61397 -16.67648   1044
 96.72965  26.38829   1445
 96.76199 -35.48669   1064
 96.77965 -35.48809   2373
 96.79191  -5.88504  18487
 96.79406 -35.48460   1076
 97.13750 -21.20858   1016
 97.44270  50.47143   1251
 97.88581  19.14668   1245
 98.06391  10.36697   2380
 98.17976  15.99937   1445
 98.30420   8.22192   1103
 99.02376   4.54458   1011
 99.12974 -20.55999   1710
 99.13139 -20.51647   1349
 99.13765 -20.70933   2868
 99.60482  84.18523   1100
 99.65722 -16.82164   1384
 99.98831 -27.75890   1131
100.77925  23.31919   2583
101.01977  59.92252   1430
101.29412  29.48754   1745
101.32016   5.52555   1350
101.35033  21.36270   2591
101.43445 -15.83771   1502
101.58629  59.77401   1136
102.04552 -39.94059   1403
102.05038 -39.96505   1279
102.11882 -17.73472   1046
102.12100  -2.36929   1271
102.17145  14.67240   1032
102.29645  61.64991   1044
102.60237 -16.62776   1778
102.81478  45.15688   1263
102.97907  69.18684   1000
103.20214  22.53961   1040
103.21537  60.63213   1007
103.71008 -13.15822   1190
103.81159  54.15001   3681
104.11737 -14.10957   2123
104.12277 -14.14455   1551
104.31866 -32.05898   1488
104.72591 -24.28740   1045
104.74622 -24.29190   2079
105.19467  54.26279   1084
105.36271  69.86402   1739
105.53068  25.21866   1603
105.53787  25.24195   1350
105.58554  37.95628   1646
105.72369  44.52011   2398
105.72470  68.68780   1456
105.82971  -0.85068   1528
106.63960 -23.19392   3593
106.67919  42.53439   1108
106.70052  46.79911   1585
107.27808  26.07871   1130
107.30213 -15.45034   1035
107.32414  74.82373   2806
107.58388  -3.72414   1211
107.61883   9.33176   1021
107.69232  47.53645   1019
107.94692 -20.72088   2057
108.26404  11.77273   1694
108.30803  68.86926   1874
108.40895  43.82145   2012
108.51959  14.60579   1931
108.60335  35.57775   1468
108.62251  45.67002   1286
108.94565  -2.51703   1415
109.17120  53.38619   1502
109.26876 -36.36936   1507
109.32346 -25.08141   4375
110.19094 -34.12223   1120
110.29838  -0.86472   1133
110.33817 -12.09243   1681
110.54610 -18.80555   1026
111.23004  -9.66571   1382
111.32001  14.42041   1067
111.45844  39.29047   1105
111.46115  -0.91610   1399
111.46364  10.53396   1230
111.76890  -2.08938   1274
111.77117  -2.06819   1514
112.04277  14.62668   2304
112.04706  67.81309   2123
112.13700  12.16959   1071
112.27233 -36.66210   1200
112.51364 -18.54395   1288
112.57979 -11.68675   2760
112.64754  15.25351   1543
112.67595 -26.34322   1237
112.77775 -23.69682   1047
112.88162 -22.40556   1809
113.47833   2.03950   1281
113.71396  -5.33199   1689
113.94099 -17.59676   2975
113.98141  33.11932   2474
114.26733  36.05565   1011
114.45025 -38.21640   2437
114.53076  17.70546   2258
114.58249 -30.41810   1438
114.64128  -2.07253   1149
114.73819  -6.44937   1601
114.82518   1.61792   1965
114.85053  70.38639   2582
115.00390 -36.40541   2750
115.29458  31.20011   2285
115.35725  27.11247   1047
115.60497 -17.25177   1031
115.69579  80.46165   1489
115.77402  80.42893   1835
116.07291  37.88803   1237
116.09019  -6.49321   8079
116.38792  10.18693   3507
116.42554  31.71461   1360
116.83415 -18.94689   1394
116.88062 -19.29437   2373
117.45041  55.90584   1050
117.55130  31.32980   1044
117.71704  12.51781   1487
117.74180  82.69960   1845
117.84453 -19.28791   1188
117.87639 -38.87221   1047
117.97487 -27.97536   1196
118.94148   2.17820   1010
119.29595 -11.63240   1493
119.61916  37.78717   2721
119.94693  37.64728   1692
120.38969  14.24504   2735
120.39715  50.16195   1472
120.63000 -17.86201   1684
121.17557  30.21041   1269
121.19988  10.25635   1850
121.38048  24.17257   2356
121.40420  -0.97069   1331
121.40682  24.16025   2868
121.81322 -33.50465   1085
121.88996 -17.41468   1264
122.06483  -7.85254   1596
122.16558  49.84336   1115
122.21934 -10.47268   2760
122.22767 -10.45016   1498
122.35853 -39.09799   1015
122.40246 -39.08581   1234
122.51527  42.46777   2057
123.01454  -5.82263   1643
123.22141  40.31667   1063
123.24782  32.71824   1326
123.40029  48.21719  15010
123.62644  45.94427   1107
123.68162  12.96945   1604
123.84510   1.91811   1756
123.86588  -3.14071   1963
124.39626  22.61998   1277
124.56674  42.37941   1091
124.94810  52.54153   2105
125.18357  18.22232   1269
125.22243 -36.22387   1093
125.22508 -36.21567   3410
125.23948 -12.98295   1097
125.33404 -30.16680   2028
125.39069  47.04326   1788
125.40231 -30.21316   1189
125.43342  17.80569   1876
125.65373  51.20809   1256
125.85301  22.38435   2273
126.19696  55.87849   1450
126.23097  39.27827   1481
126.30933 -28.78487   1076
126.34851  39.32933   1199
126.45466  74.07544   1038
126.45987   3.15690   1401
126.52725 -35.54656   1037
126.82214 -20.43969   3755
126.85584  29.31243   2044
127.01993 -37.51817   2577
127.12180 -32.00638   1336
127.51716   7.76250   1390
127.59045  23.39046   1102
127.79166  37.70275   2260
127.95370   4.49402   1242
128.32835  51.05218   1315
128.70156  17.01281   1884
128.72878  55.57251   8284
128.76482  14.19691   1157
128.82407  72.64592   1091
129.16362 -20.28299   1971
129.29677 -19.86552   4743
129.43760  65.22661   1276
129.77708  57.90372   2258
129.87824  50.40497   1052
129.94687 -12.24078   1093
130.19874  13.20663   2613
130.35191  70.89484   3824
130.52121  18.59493   1260
130.88178  42.25824   1410
131.28360 -33.79352   1639
131.50306 -26.18168   1811
131.70428 -29.71226   1314
131.97429  53.87690   1543
132.14122  78.50106   1509
133.25115 -20.79063   2293
133.28681  13.88203   2365
133.36771  -3.68556   1355
133.45382 -14.46438   1895
133.66395  14.09780   2164
133.67485  57.95804   1102
133.70362  20.10854   1512
133.78941  -7.25081   1157
134.29861  -3.66122   1133
134.41934  34.06843   1799
134.52237 -19.84340   1226
134.54196  27.84744   1809
134.67295  14.16217   2371
134.91105 -19.37384   1037
135.16701 -28.13903   1475
135.20133  18.53529   1229
135.27251  29.02936   2004
135.44840 -25.92206   6254
135.57021 -14.25846   2898
135.60638  -5.27777   1199
135.76683  46.85132   1755
136.06504  42.63477   1248
136.63285  16.77028   1587
136.89550  41.58162   1396
137.21065  37.80561   2087
137.38971  42.89650   4234
138.01159  37.85980   1112
138.01666  16.30825   1375
138.52011  17.26456   1529
139.20388  38.90792   1005
139.23367 -31.61067   1048
139.25009  58.64707   1108
139.52408 -12.09479  40851
139.62186  22.54330   1025
140.04649  17.89027   1071
140.24367  44.69825   1018
140.27020  45.63512   2613
140.28140  45.64604   2177
140.29994  45.66550   3316
140.37230 -26.31194   1291
140.55420 -14.48039   2045
140.69317 -39.99277   2616
140.70805  53.03923   1599
140.92793  -9.58974   1058
141.72148  64.32669   1094
141.76265  39.03910   2885
142.63938  36.02321   1876
142.72614  58.92128   1083
143.16426  79.10816   2241
143.19094 -20.29794   1013
143.76693   8.69369   1038
143.77759  39.70210   1030
143.79805 -28.34195   1537
144.48601 -29.21927   1019
144.84762  83.25729   2953
144.95915  35.93142   1951
144.97988  35.86977   1462
145.34843  39.73725   1055
145.53500  13.86451   1339
145.56394  13.76377   3337
145.80307   2.72429   1332
145.82021  -7.63516   1027
145.82983  -0.07287   1190
145.90358  -8.32557   2757
146.06835   9.77200   2395
146.30755  16.92270   1063
146.91409   7.41797   2282
146.94695   7.42050   3111
146.96670   7.42165   2229
147.23068  40.66246   1600
147.30050  66.24974   2298
147.32265  73.23384   1011
147.47248 -25.18984   1119
147.54487  14.33258   3713
147.99513  -0.02411   3153
148.00218  24.37493   1790
148.02560  28.47588   1363
148.69772  74.59914   1213
148.73672  17.72542   1159
148.96617  69.67946   6205
149.20782  25.25443   1081
149.40909  55.38262   3080
149.52020 -29.06854   1277
149.58715  32.40046   1248
149.61992  -1.66647   1215
150.09147  22.55507   1117
150.11714  14.02615   1167
150.44471  28.78237   3413
150.46805  28.79170   2187
150.73802  19.86486   1228
151.13724  31.86431   1264
151.28435 -21.87336   1048
151.29776 -21.74819   1111
151.50725  34.90290   3237
151.82882  44.41706   1035
151.92723  59.13608   1083
152.00015   7.50449   6523
152.29611 -28.93166   1556
152.75152   6.41115   2965
152.88610  71.41133   1965
152.93941  46.47224   1558
153.56165  74.62701   2088
153.69605  23.02019   1096
154.30894  39.02333   1393
154.39439  81.08826   1172
154.45738  27.53548   1275
154.53845 -31.73764   3862
155.04869 -32.75966   1789
155.13517  65.85609   1147
155.47741  21.99193   1687
155.79834  39.80477   1123
155.86057  80.54868   1807
155.91128  59.08043   1610
156.33633  20.17259   1252
157.36140  78.87816   1111
157.54130   0.62782   1078
158.30447 -34.31223   1398
158.39113  58.24387   4189
158.39839 -12.17559   2066
158.52120  11.20891   1201
158.57443  50.22506   1546
158.77935  56.47981   1802
159.31703 -29.56754   1113
160.32149   6.17125   1406
160.41253   2.70918   2711
160.68559  12.05884   3306
161.64577  15.72978   1072
161.68709 -36.02339   1321
162.02799 -19.15997   1155
162.14070  60.14583   1022
162.14261  34.95707   1035
162.67660 -27.55241   1022
162.76978 -31.63725   1199
162.88380 -20.39664   1505
162.88519  -9.30889   1070
162.95332  21.33134   1254
163.10857  20.49668   1728
163.88952 -28.52603   1793
164.28983 -37.30843   1454
164.48080 -24.56344   1106
164.57276  19.86930   2144
164.62343   1.56618   3221
164.72889 -36.34641   1105
164.74454  43.02324   2876
165.45218  72.42705   1246
165.51627  -1.27174   2801
165.60913  55.83426   1207
165.62974  -9.69031   1253
166.05092  76.98326   2341
166.55084 -24.74552   1115
166.59242 -21.15021   2525
166.63239  -0.88097   1067
166.82122  -5.41619   1034
167.03462  14.59329   1349
167.21579  25.01448   1091
167.37023  37.74206   1222
167.44182  10.72871   1482
167.44891  37.63792   1031
167.46692  37.64552   1185
167.83369  19.92669   1195
167.84461   3.15288   1019
167.88148  35.67931   1338
168.20781 -21.97483   1467
168.38387  -2.21533   1597
168.66013  40.62244   3129
169.14459  29.25568   1930
169.73866  12.57838   1113
169.82232  -5.45218   1175
169.85506  -3.04766   1731
170.03809 -25.13532   1741
170.11588  14.34844   2447
170.17946  23.46536   1362
170.78790   5.50563   1722
171.34650 -37.39076   1203
171.48168 -35.38948   2124
171.59856  33.75752   1378
172.52936 -14.82423   5623
172.60595  66.43494   1196
172.91210  45.24764   2050
173.14613  63.40201   1000
173.40367 -19.90422   1224
173.59826 -17.46437   1668
173.66026  43.46682   1568
173.72752  30.09034   1146
173.80433  -0.35540   1268
173.98304  42.97912   1449
174.01274 -17.55365   1003
174.37366   1.27037   1061
174.79452 -13.84524   4225
174.82304 -32.38223   1525
174.99418  65.79642   3096
175.07096  17.72749   1144
175.11538  12.05210   1529
175.20641  59.20722   2180
175.28431   1.23824   2691
175.39391 -28.84781   2571
175.64597 -11.69672   1383
175.85435  22.11556   3129
176.14355  37.17137   1015
176.27178  19.61051   3514
176.28160  69.97103   1724
176.28514  19.62640   1815
176.35857  31.56531   1106
176.37929  31.56028   1786
176.43087  49.76901   1425
176.53379 -24.79220   1434
176.58589 -31.95390   1539
176.61889 -33.47866   1753
176.75561 -38.20315   1804
177.25071 -12.07100   1031
177.48143  12.78776   1639
177.68284  -0.39842   2775
178.30328  80.97495   1343
178.35213  49.51930   1573
178.47772  40.61468   1136
178.55421  29.26904   1621
178.59065 -35.09151   6197
179.01529  58.78484   1592
179.07810  31.46806   2979
179.60752  24.83826   1022
179.79710 -22.47671   1178
179.80293  -9.68100   1030
179.80748  53.88539   1741
179.88251  29.24563   2032
179.95347  58.33910   1192
180.08004  73.01268   5565
180.11607  73.01236   1113
180.12996  45.81201   1157
180.55212 -10.68121   1666
180.84148   4.23824   1147
181.00888  -4.37886   2142
181.38777 -26.56906   1654
181.58303   4.10338   1502
181.60284  64.22704   3720
182.16488 -34.05202   1108
182.30634  43.65521   1980
182.97363 -40.29490   1906
183.23358  20.54387   1419
183.38387  13.12234   1345
183.51700  33.16264   1404
183.81121  17.50061   1011
183.87417  53.59836   2756
183.94516 -17.52951   1662
183.98166  34.80419   1507
184.37429   3.61223   1297
184.41490   3.66479   1117
184.64458 -10.31236   1967
184.74674  19.92468   1048
184.79424   5.82490   1613
184.81389   5.82788   4071
184.89613   5.83094   4587
185.11698   9.47415   1065
185.14118  33.71971   2846
185.16399 -37.67088   1169
186.21849   3.51392   1281
186.22757  21.37977   2095
186.26574  12.87644   3179
186.26963  12.89520   2836
186.60666   9.66824   1009
186.66737 -26.50065   1271
186.99491  36.58655   2099
187.04903  20.38865   1270
187.19015 -21.43745   1261
187.27670   2.05142  54992
187.46601  11.67339   1162
187.64871  12.32171   2710
187.66499  12.29948   2398
187.70610  12.38934 138488
187.75870  12.38970   1968
187.76654  12.40293   1498
188.00055  -2.40114   1648
188.84573  21.33841   1496
188.87952  21.34757   1424
188.90324 -25.19061   1198
189.92935 -10.39129   1519
190.10748 -17.28947   1063
190.58198  -4.77214   3673
190.80100 -21.20354   1623
190.99012  16.38132   2897
191.20493  40.80180   1342
191.69543 -25.79671   1166
191.78085  49.00504   1205
192.09993 -19.98850   5136
193.10970  56.57215   2289
193.26480   2.63952   1606
193.38624  15.70759   1770
193.54866  27.62575   2925
193.63453 -12.56534   1836
193.65934 -12.55577   5293
193.67041 -29.22876   1054
194.04644  -5.78892   9712
194.23908  47.33882   5100
194.33631 -33.57813   1292
194.34482 -30.36292   1163
194.49620 -31.92092   1144
194.82180  -8.10205   1080
195.13697  40.15255   1370
195.14957  80.91076   1251
195.25219 -32.44106   1388
196.40021   8.92108   1462
196.97502   6.70441   1123
197.09071  65.73752   1864
197.16318  -9.84210   4245
197.45693  -0.21016   1638
197.61959  32.34564   1687
197.78568  27.46569   1171
197.91372 -22.27818   5200
198.36639  67.59735   2423
198.40781  54.97341   1305
198.75534  20.74168   1099
198.77293 -18.97094   1269
199.03311 -33.64986   1278
199.10604 -12.43738   1319
199.91136  -0.82804   1469
199.94332  51.80185   1093
200.08938  17.72012   1574
200.32851  11.11371   2239
200.56233  26.76284   1100
200.75970  29.69278   1370
201.50924  36.79999   1021
201.56880  31.90271   4862
201.88214  31.85758   1416
201.90942  -2.05310   1254
202.52993 -21.70125   1955
202.65705  25.15307   7053
202.78462  30.50900  14903
202.78603 -25.99574   1505
202.90378  50.13169   1061
203.09869 -33.13928   1425
203.13315 -25.99720   1506
203.23488   2.01292   1310
203.39924 -33.08995   1742
204.17982 -33.97765   1344
204.40638 -18.19463   1537
204.41596 -12.95682   2677
204.53364  -6.45310   2959
204.70694  38.85309   3359
205.55469  60.36174   1494
205.68155   5.07542   1601
205.70170   1.96959   1027
205.97707 -37.56487   1128
206.09895  14.15425   1303
206.26619 -31.67085   1040
206.35991  49.77576   2399
206.38760  42.83773   1174
206.40585  -0.95192   1052
206.46465 -30.25113   1426
206.75628  -8.05654   1907
206.88927  12.29002   5398
207.39467  53.68811   1097
207.41251  21.12472   1282
207.46276 -39.38073   1847
207.55875 -22.07808   1097
207.70897 -13.20313   1270
207.96937 -14.82087   1263
208.04292 -26.82426   1901
208.07419  31.44631   4086
208.12785   2.54659   1149
208.23484  11.11880   1538
209.25630   1.07770   2401
209.25893 -14.09513   1371
209.26822  19.31890   2586
209.27522 -17.73410   1489
209.47402   0.77577   1922
210.11939  62.17738   4308
210.38578 -11.58326   1133
210.51033 -28.37357   1098
210.66684 -36.06369   1514
210.88016  63.71325   1141
211.00133  -4.62594   1120
211.02171  65.86052   2009
211.08740 -29.86750   1370
211.41892 -36.92559   1070
211.68373  34.19062   1317
211.70464  -1.90472   1144
212.08747  23.78938   1101
212.67931  36.78942   1227
212.83595  52.20250  22721
213.45143  -5.99839   1523
213.50036   9.25134   1075
213.52357 -24.09393   1045
213.66330 -30.42798   1355
213.99507  13.34011   1092
214.01740  34.74347   1864
214.12985 -36.68555   1101
214.17132 -21.77167   1410
214.19504  10.77003   1473
214.22293  10.81116   1432
214.25203   7.18060   1613
214.28280  46.11801   1029
214.34981  -4.01295   1688
214.36289 -21.44534   1193
214.74938 -15.92645   1649
214.78408   6.47674   6101
214.95689 -19.47641   1974
214.99500  27.02878   1234
215.00747 -37.72637   1296
215.27389  41.74713   3148
215.70379 -27.46599   2270
215.75338  19.58966   3248
215.90118 -18.27048   1165
216.06215 -38.43993   1037
216.07503 -38.45314   1064
216.23721  20.00631   1809
216.37148 -29.99873   2403
216.46111  24.06852   1559
216.49178 -17.94505   1226
217.11759 -27.69742   1554
217.13020  -1.40227   3048
217.34138  54.10314   1029
217.51391   7.25037   1008
218.24069 -18.02616   1013
218.57162   6.36934   1008
218.94601  76.09065   1304
219.23784   3.40355   2812
219.68627  62.19848   2411
219.86956 -16.98441   1970
220.09245  38.33798   1087
220.51656 -26.61206   1060
220.75605  52.02727   2544
220.81085  77.12412   1882
220.93009  50.57546   1210
221.31866   9.97666   2418
221.68054  27.95019   1114
221.78954  76.93937   1667
222.06281 -16.34004   1376
222.16658   0.30496   1652
222.34059  63.27052   3007
223.42673  69.45944   1068
223.51040 -34.01559   1075
223.59760 -19.41816   1058
223.61038 -36.64927   1244
223.62689 -36.68118   1357
223.63696 -40.20916   1031
223.75557  -4.36179   1068
223.75597  -4.33960   1038
223.78911 -36.92207   1073
223.79441  -5.65320   1028
223.98009 -11.14965   4251
224.17274  -6.29511   1221
224.27641 -36.08329   1497
224.74856   4.27152   1079
224.78179  71.67219   7469
224.81589 -36.92988   1443
224.85315 -16.69333   1201
225.39508 -39.31013   2939
225.39916  56.96389   1216
225.89462  -2.50839   1041
226.03861  60.01541   1554
226.10428  10.49402   1775
226.22984  26.04723   1061
226.24348  26.02580   3361
226.24576  25.99695   3205
226.51271  -9.32014   1321
226.77002 -16.87505   2711
227.33254  47.44890   1269
227.60027  70.75909   1070
227.72312  -5.71864   3570
227.73765   7.85688   2260
227.76538   7.87341   1541
227.98224 -30.75082   1155
228.10564   1.35243   2263
228.21060  -9.10024   2702
228.41625  26.12603   3597
228.41752  23.64313   1768
229.18574   7.02169   5500
229.23590  18.50600   1336
229.42437 -24.37223   2042
229.48198 -12.25162   1000
230.02292  20.26826   2688
230.02728 -28.57072   1122
230.19775  72.41800   1550
230.31047   4.50555   3928
230.45487 -29.71232   1002
230.65713 -27.50292   1107
230.69045  -5.06763   1186
230.98722  10.92893   1061
231.02350  54.47178   2626
231.30154 -19.04808   1041
231.45390   3.14068   2001
231.74769 -13.85020   2866
232.85567  35.56127   1822
232.96129  24.04536   2893
232.99578 -29.50271   1526
233.31037  15.27840   1056
233.31285  13.54009   1114
233.47252 -33.62028   1104
233.71858   1.51754   1344
233.75528  55.61383   1848
234.38498  13.74659   1807
235.20629  14.79631   1387
235.28617  61.03317   1002
235.44019  60.26005   1338
235.53113  -9.46178   1330
235.75704  -7.95100   1509
236.01200 -33.87518   1717
236.01282 -13.51568   1147
236.45843  64.91859   1011
236.53960   0.44017   1831
236.93427  20.87804   1561
237.05404 -12.22550   2795
237.30244  30.78753   1250
237.45409  21.42753   2522
237.49394  62.68915   3564
237.64691   5.45294   2304
238.51013 -27.07772   1394
238.66358  19.78853   1095
239.04193  20.07254   2314
239.05838  -6.37659   1266
239.15145  42.95265   1335
239.44380   7.15391   1130
239.46442  -0.03059   1106
239.59705  65.50657   1542
239.78408 -21.67672   1218
240.00378  -0.62315   1155
240.53031  33.44808   2991
240.57170   1.97206   1934
240.59298  80.26641   1016
240.63263   1.96339   6170
241.18873   1.29770   4076
241.25881 -17.57108   1534
241.30208 -28.98566   2489
241.34496  -9.44109   1202
241.35715  -9.45090   1082
241.40413  -9.47068   1250
241.44403   0.43176   1378
241.55319   0.00762   2129
242.19219  10.48560   1392
242.30547  26.69144   4909
242.37357  79.66529   1239
242.37934  65.94048   1874
242.41251  65.94779   5035
242.51160  -9.31668   1273
242.51412  32.97888   1172
243.07927  22.37099   1402
243.32246 -21.56864   1247
243.42115  34.21326   4025
243.56010   4.09811   1026
244.15955  26.78378   1485
244.31561  21.12484   1749
244.33004 -10.04075   1142
244.42508  32.36879   1215
244.43035  32.38399   1386
244.91926  85.82256   1643
245.08252 -11.22564   1038
245.08919  17.60813   1995
245.25048 -23.70103   1220
245.29328  10.77055   1081
245.67628 -11.48269   1031
245.99810 -11.67865   2726
246.01047 -26.20749   1340
246.16426  23.75487   2613
246.20798  60.12048   1095
246.31005  15.75572   1031
246.44555 -25.46085   2522
246.48108 -31.13577   1709
246.49024  41.57810   1678
246.52494 -29.85743   2286
246.57537 -22.92554   1246
246.88469  21.20678   1109
246.93300 -39.88415   1725
247.01488  27.69337   2000
247.15975  39.55000   3680
247.16343  14.63473   1206
247.22210  44.31811   3019
247.40632  23.33704   2053
247.91462 -26.94578   1295
247.93869  11.93424   1734
248.48688  74.09670   1057
248.64110  62.75992   5002
248.81462  38.13465   2726
249.15574  26.80184   1337
249.43889  47.29478   1062
249.55587  57.34006   1199
249.59215  10.58551   1135
249.61757  62.57885   4611
249.73606  -3.22440   1023
249.75403 -23.49901   1291
249.86804 -40.26656   3459
250.16585  -2.66165   1918
250.19995  12.33394   2071
250.50923  -6.35652   1220
250.53251  68.94413   1721
250.74488  39.81026   7099
250.77472  37.49290   1419
250.88911 -23.26862   1068
250.95289  17.26354   3667
250.95480 -15.43990   1331
251.17113  13.08753   1337
251.42693   2.19598   1967
251.51990 -22.46721   1995
251.75997  -7.25950   1160
251.87759 -10.73788   2139
251.92430  17.33654   2131
252.13244   2.71278   1071
252.17984  75.77464   1942
252.22526  42.90019   1286
252.76603   4.99497  11158
252.77057   4.99508   8483
252.79876   4.98862  23548
252.80346   4.98813   3430
252.92638  -6.29611   1141
253.24335   0.31902   1329
253.46769  39.76018   1559
254.44562  48.14241   1036
254.53749   7.69114   1413
254.63947   5.25433   1534
254.86488  47.05365   1467
254.87900  47.04035   1893
254.89922 -40.17488   3604
254.92388 -40.18926   8632
255.16363  14.81079   1729
255.29095 -29.91144   1777
256.03004  29.78320   1414
256.11003 -13.83338   1168
256.17931  60.74712   3076
256.21834 -24.74830   1442
256.29263 -24.75783   1288
256.42291 -32.32356   1160
256.94127 -30.51300   1018
257.32794 -35.42273   2117
257.61880 -40.18203   1604
257.64734   0.61723   1345
257.68377  46.02507   1866
257.83300  30.32172   1044
257.95154 -39.16661   1851
258.23875 -28.15995   5182
258.27516  -8.28356   1352
258.27521 -38.99795   1130
258.29970 -25.02399   3364
258.32989 -25.05638   3857
258.35823  28.21823   1029
258.38043 -26.98148   1135
258.43530 -37.10323   1908
258.46170 -32.43690   1496
258.52468 -38.13473   1176
258.53265   0.58337   1142
258.55422 -38.18704   4139
258.63238 -38.47625   1185
258.69924 -25.24327   2691
258.70372 -38.51338   2184
258.70861 -38.55212   1063
258.75593  -3.35897   1325
259.03574  68.93406   1073
259.21998 -38.02160   2078
259.26010 -36.35165   2401
259.41092 -39.81424   2172
259.50499 -37.44274  18095
259.59473 -39.31970   4072
259.61405 -39.31568   5800
259.78723  22.75175   1575
259.84549   0.61943   2208
259.86292 -37.18103   2742
260.01741 -14.43460   1743
260.02881 -38.95948  20611
260.07946 -35.91488   6087
260.08358  -0.98292   4064
260.10615  -0.98117  20234
260.13312 -35.85641   4491
260.14364  -0.97901  31226
260.18395 -35.82148   9467
260.21301 -35.76770   2383
260.22399 -23.66079   1980
260.25081 -36.06485   1003
260.27747 -37.45055   1273
260.28673 -37.76803   1517
260.30419 -37.75455   2004
260.67692 -28.33160   1079
260.75044   7.30070   1609
260.76719 -35.92121   3769
260.84615 -35.89497   3770
261.16194  -2.71295   1856
261.18615 -34.15341   1892
261.18784 -34.17568  23231
261.24245  47.09709   1146
261.36226 -34.38329   2278
261.38274 -36.36372   1572
261.39056 -36.36229   1342
261.46115  77.44012   1163
261.87856 -35.27129   2085
261.93283  73.84805   1331
262.07468  31.76997   1470
262.09401  31.76340   1241
262.25455 -36.56460   6809
262.28596 -36.58548   1343
262.32343 -36.66903   6771
262.33538 -23.75971   1826
262.42618 -22.58824   1119
262.56048 -33.23600   1029
262.59052  79.82133   1020
262.61899 -34.69574   6455
262.62939 -34.70814   2775
262.65237 -21.48634   5146
262.67804 -21.47289   5328
262.67954 -21.50475   4931
262.77114  50.12251   1194
262.82354 -33.88169   1836
262.87079 -33.56433   1051
263.26107 -13.08030   5991
263.39391 -32.94448   1715
263.41192 -31.76813   1798
263.41305 -32.90016   1264
263.67735  16.00916   1457
263.74324   9.44940   1088
263.78468  -9.27731   2197
264.30165  -7.53915   1328
264.40684  24.01347   1708
264.43252 -31.52124   1693
264.46064   3.42626   1315
265.05272 -30.97931   9901
265.08171 -30.94159   4886
265.10128 -30.97126   4035
265.68267  59.28355   1083
265.71601  61.76415   1356
265.95528 -28.92317   1209
265.97285 -28.94106   2142
265.99105 -28.94503   1239
265.99512  -3.83470   1411
266.06563 -28.82400   1792
266.09138 -29.00796   1984
266.11488 -28.93093   1961
266.15598 -28.77488   2802
266.16031 -28.72791   3424
266.16373 -28.78826   1581
266.19612 -28.80282   2913
266.19868 -28.75227   3652
266.19876 -28.75658   2754
266.20195 -29.09908   2527
266.20298 -28.79117   2635
266.22140 -29.14941   2586
266.22347 -29.22311   2518
266.23373 -29.10401   2252
266.36290  -7.88444   1182
266.38400 -29.26796   7909
266.38910 -29.22691  10548
266.39130 -28.84643   3230
266.39278 -29.38483  12994
266.39678  17.33386   1063
266.40986 -29.18295   7344
266.41352 -29.02345   7403
266.42520 -29.09039  13281
266.42598 -29.00438 161195
266.43099 -29.05073  23864
266.43439 -28.93155   7897
266.43801 -28.87764   9496
266.44215 -28.97453  25024
266.44462 -28.82344   4769
266.46533 -28.62117   2494
266.46713 -28.77453   5207
266.47095 -28.58762   1922
266.49869 -28.62173   1306
266.50015 -28.57824   2116
266.50508 -28.41352   1082
266.51713 -28.76495   5536
266.55867 -28.79311   3855
266.57784 -29.25726  12911
266.58605 -29.29683   8025
266.59143 -28.76909   1157
266.59204 -29.35341   3812
266.60442 -29.40822   4802
266.60494 -29.17327   1786
266.61185 -29.14188   4616
266.61470 -28.84651   3774
266.62056 -28.80005   2252
266.62223 -29.44653   5547
266.63539 -28.88019   9740
266.64659 -28.91498   3188
266.66459 -29.20185   4829
266.66572 -29.01191  13138
266.67539 -29.31700   3452
266.68180 -28.37921   1387
266.69103 -29.14487   6754
266.69460 -28.91308   5779
266.70261 -29.27884  14185
266.70319 -29.17885  10327
266.70432 -28.87958   2643
266.70937 -29.23879   7307
266.74971 -28.53362   8702
266.75060 -28.87562   3457
266.75180 -28.55188   1615
266.76694 -29.05484  13703
266.76912 -29.01303   5081
266.77906  18.35286   1145
266.78305 -28.62067   1972
266.78504 -28.66742   2062
266.79859 -29.03610  17036
266.80783 -19.35995   2277
266.80898 -28.44913   1056
266.81373 -29.07028   5118
266.81705 -19.33191   1287
266.83499 -28.38111   6289
266.83648 -28.42586   5835
266.83692 -28.15385   2212
266.83786 -29.43008   1101
266.84773 -28.27021   1996
266.85567 -28.36938   1030
266.87302 -29.40910   1418
266.94009 -29.18346   2912
266.95011 -29.30576   1373
266.96026 -28.63421   1117
266.96727 -28.52153   2539
266.99627 -29.17709   1536
267.00141 -29.05987   1972
267.00321 -28.36410   1572
267.01763 -28.41929   2749
267.01997 -28.14291   1153
267.03854  59.72329   1590
267.04213   9.46090   1060
267.06270 -28.35712   1018
267.10665 -28.50247   1825
267.17254 -28.02729   2458
267.19778 -28.35583   1271
267.20238 -28.41829   1589
267.20315 -28.39550   1089
267.29817 -28.50429   1254
267.56946  -8.69876   1072
267.65888   3.17683   1473
267.96364 -25.39983   1224
268.01256   2.32546   1126
268.12217 -38.00128   1099
268.13878 -22.50347   1937
268.22661 -37.75712   1721
268.30950  27.01492   1023
268.82940 -25.07749   1446
268.83476 -25.10349   1402
269.62952  13.47572   2417
269.67133 -16.28472   1538
269.67367 -16.27920   2783
269.68016 -17.96346   1089
269.92870 -34.81641   1253
270.17278 -24.06974   4940
270.19065  78.46806   2224
270.20681 -23.34045   1019
270.21139  48.54322   1051
270.41197  13.85662   1700
270.55501 -22.46516   1496
270.67805 -39.66827   2274
270.70784  -2.12787   1702
270.74325 -21.79693   2072
270.75549 -21.80228   2897
270.82035 -27.80300   6996
270.90842 -17.54050   1840
270.91725 -24.37439   7311
270.92059 -24.37856   4510
271.17419  10.00182   1002
271.27655  11.02570   1274
271.58465  -7.86311   1583
271.69803  70.74546   1495
271.71025  69.82448   1887
271.94425   6.43127   1254
271.95268  48.48951   1030
272.22773 -18.26234   2116
272.23434 -20.09681   2526
272.25322 -20.08243   4732
272.32974 -20.32399   7452
272.33019 -20.30044   9087
272.35790 -20.32353  19689
272.57415  73.84185   1419
272.85486 -19.44340   3822
272.85924 -19.40806   4220
272.89183 -19.40630   1600
272.89338 -19.43834   3796
272.97189 -18.60527   1270
273.12943  26.48992   1116
273.21227  -6.80662   1342
273.31106  43.07112   1031
273.31658   4.65901   2112
273.52193 -17.47576   2765
273.55870 -17.92882   8068
273.58168 -17.93809   3111
273.64993 -16.75852   3309
274.08451 -16.84880   1466
274.47164 -11.72392   2742
274.47481 -11.74617   2831
274.58059 -11.14707   2017
274.75171 -15.01911   1295
274.82248  -2.96872   1736
275.09553 -16.17826  17871
275.10222 -16.12331   5630
275.11204 -16.20654  18809
275.12502 -16.14535   6451
275.14776 -39.15799   2401
275.17574  35.67748   1117
275.23805 -14.33423   1025
275.24108 -25.47027   1354
275.30639  22.85395   1102
275.33450  35.24937   1019
275.33698  39.71250   3507
275.51346  -2.38009   1299
275.58847  18.00273   1730
275.61955  -9.64923   5832
275.83144 -27.44099   3195
276.00327   1.81005   1321
276.02952  56.85034   1412
276.13327  57.74651   1370
276.14595  74.34298   1172
276.22575 -32.71596   1117
276.23890 -32.71656   2899
276.25911 -13.26375   4419
276.42621 -13.17190   1113
276.49321  -0.76781   1036
276.69384 -12.44292   1418
276.71028   4.20455   1148
276.78384   2.24547   1161
276.90969 -11.94483   2709
277.29549 -10.88732   1313
277.38251  48.74631  13753
277.74570 -36.04213   7238
277.81185  29.11951   2925
277.85372  62.50959   1037
278.04625 -20.66328   1116
278.13537 -34.37735   1606
278.20822  28.56043   1772
278.38940 -10.56819   6457
278.41659 -21.06109  10897
278.43064  65.36080   2207
278.44210  47.44196   1354
278.44355  47.45820   2337
278.47182  -8.12408   1413
278.48459 -39.67302   1102
278.53893  -7.30062   4094
278.57577  31.60659   2153
278.60413  -7.91182   1603
278.61037  -9.26778   1308
278.64993  -8.55610   1834
278.68577  -8.54010   2648
278.68809  -8.56287   3342
278.74994  32.68153   2140
278.75639  -7.41883   1027
278.77908  32.70399   3350
278.88089  -7.55606   1007
279.03756  -7.16463   1925
279.04360  -7.19002   1773
279.21676  -7.41483   1821
279.22616  -7.57320   1162
279.37127  13.50410   1627
279.38389  -6.26852   2460
279.38744  -6.22310   2397
279.40374  -6.30253   1459
279.51953  -6.42331   1058
279.53411  -6.76635   3045
279.55783  -6.81319   3527
279.56342  -6.79732   7078
279.56546  -5.49503   1318
279.60697  17.17863   2685
279.60847  17.21140   4649
280.01119  24.04164   1390
280.35184  -1.88196   3053
280.42564  -1.87960   2819
280.46451  79.79091   5039
280.61221  79.75481   6520
280.70760  -7.93447   1076
280.81999  -3.59586   1646
280.88002  -3.79551   1352
280.88196  -3.74811   1188
281.00123  -3.91309   1573
281.01015  45.55891   5598
281.11318 -40.36364   1708
281.29652  40.13102   1010
281.40687   9.89568   4510
281.51706  -2.65531   2384
281.52789  -2.70579   1557
281.54094  -2.69303   3059
281.59445  -2.99528   2930
281.62032  -2.98312   3039
281.85760  -1.94050   4141
281.90285  -1.92299  10848
281.90355  -1.94248   3260
281.91063  -1.95864   6189
282.14314  32.73345   1015
282.32507  -0.91598   4997
282.33108  -0.94648   2177
282.35702  -0.90173   3008
282.49663  -1.54890   1460
282.62989  -0.03197   1451
283.32468 -36.47811   1331
283.33469   1.24058   4601
283.33605   1.24798   2951
283.34536   1.24166   1216
283.34717   1.23427   2063
284.05030   7.89454   3317
284.11084   2.37001   1288
284.29424 -30.32815   1664
284.50974   3.22118   1090
284.61182  56.76568   1109
284.84749  12.98689   2876
284.88604  58.72493   1036
285.25605   4.20235   2133
285.44473   1.21694  10388
285.45778   1.21171   3335
285.47266   4.21408   2094
285.66305 -27.09649   1346
285.70551 -23.49794   3707
285.73313  31.99507   3204
286.21418  15.36350   1085
286.87297   7.13185   2744
286.87300   7.15621   2668
286.90004   7.14382   4152
286.91039   7.12260   2504
287.54645   9.08639   1525
287.56430   9.10531  31209
287.59347   9.08092   2643
287.59988   9.09744   4977
287.63074   9.08637   1243
287.68807  23.09983   1127
287.75341   9.10050   5897
287.76653   9.08403   8708
287.78141   9.11388   8153
287.79036 -20.11541   2714
287.80329   9.09443   7109
287.91923 -17.20234   1686
287.98950  -5.80562   1596
288.15189 -22.37445   1956
288.17067 -22.37022   2619
288.36020  10.90630   2445
288.36658  10.89390   1540
288.53485  11.20823   1673
288.57392  11.13455   2147
288.58938  11.15376   4771
288.62010 -29.47461   1356
288.94545 -26.88284   1436
288.98642  30.33136   2974
289.35405  11.95185   1006
289.36226  11.92150   1204
289.45316   6.35669   1513
289.47538 -12.07558   1634
289.86410 -29.96410   1691
290.10362  13.92041   2999
290.48002 -35.44487   1719
290.56156  14.05540   4482
290.75552  14.27918   6867
290.76977  14.46724   1467
290.80161  14.44835   9548
290.82714  14.48759   2110
290.87844  -7.69364   1926
290.88416 -21.07603   3167
290.89462  14.49824  13407
290.92712  14.50865  36828
290.95281  14.49597   2177
290.95572  14.54898   5421
290.97495  14.59600   1576
291.04929 -15.81734   1289
291.07265  33.49160   3766
291.15137  35.34087   1191
291.21298 -29.24194  13387
291.32198  13.98876   1045
291.49808  21.10736   1199
291.50573  16.34215   2194
291.52808   0.57942   1162
291.61812 -32.71244   1226
291.95223  73.96724   3951
292.11786  -1.11397   1237
292.34366   9.96889   1100
292.89816 -14.09985   1227
292.93615  18.70635   1138
293.04491  44.90637   1313
293.21370  -8.29461   1617
293.21410 -27.90054   1262
293.25952  13.22646   1070
293.33724 -39.66741   1251
293.40607  36.55578   1019
293.45082 -26.55764   1289
293.66950   7.52365   1275
294.11583  36.70981   1165
294.22540  -0.36608   1459
294.31781 -39.96706   1003
294.88791  63.75789   1059
295.05705 -22.99860   1286
295.10406  60.69294   5067
295.16466  27.51059   1328
295.31239 -15.40870   6721
295.44189  50.59679   1884
295.48367  10.44711   1358
295.64219  23.83247   1080
295.77215  42.15044   1014
296.13123  54.80211   1754
296.55652 -31.61449   1038
296.57915   0.33942   1260
296.69961  25.21251   4030
296.99978  -9.33757   1282
297.29770  26.85485   1499
297.32114  26.85461   2908
297.35143 -23.45322   1305
297.47244 -19.95369   1415
297.52313   8.12072   1113
297.68349  -4.60324   1778
297.84690 -27.62235   1376
298.05450   2.50731   2742
298.07621   2.50828   2469
298.75228  27.21482   1846
298.92796  51.53050   1588
299.04634  -7.61519   1799
299.37911  41.11904   1103
299.49915 -38.75195   1494
299.62216  51.84362   1297
299.65801  40.69865   1394
299.75374  40.48339   1060
299.76111  41.01756   1585
299.76579 -35.57595   1861
299.79561  40.88861   1089
299.81710  40.58636   2485
299.85011  40.73866 739767
299.88361  40.72997 858424
300.05820  40.77804   1356
300.06124  40.73692   1262
300.27262  25.86258   1625
300.28545  40.82985   1086
300.29118  33.18673   3970
300.44684  33.54918   3302
300.44837  33.52784   3102
300.47686  33.57073   2102
300.52581  41.54542   2549
300.97708  66.43234   1014
301.38036  77.87886   1061
301.53501  -2.39297   2186
301.71253  12.00641   1142
301.93733  40.49679   2471
301.98671 -10.27733   1465
302.10240  -4.30802   1043
302.23516  52.22527   1285
302.68803 -24.42922   1193
302.70728  33.37045   1560
302.80926  -6.73438   2602
303.61494  23.58136  13685
303.71963  26.51439   1191
303.86972  37.18332   2166
303.97366  37.19171   1018
304.01721  37.20653   1813
304.02426  37.23486   1163
304.30422  33.76295   2853
304.98108  66.21217   1038
305.02688  29.70419   8615
305.26444  23.30984   1830
305.41111  37.51948   6583
305.41628  37.43701   1854
305.42334  37.43115   2982
305.52793  61.61637   2094
305.53560  10.01970   3349
305.60592  39.23886   1008
305.61324  40.22008   1442
305.67477  40.14245   1924
305.70190  40.26852   1171
305.82940  31.88412   3368
305.98277  54.46007   1070
306.29514  33.71670   1269
306.34836  37.38686   1227
306.41952  -7.59807   1347
306.72996  15.61838   1081
306.74786  29.84838   1530
306.78771  39.43529   2775
306.84261  36.20423   1464
306.86174  37.38047   9354
307.03012 -15.35582   1490
307.03076  40.86092   5405
307.05827  40.87853   3977
307.39469  39.02275   1480
307.85819  38.96615   1757
307.91459  51.95769   1097
307.92652  38.92357   2232
307.94993  54.91816   1154
307.95037  39.01090   1606
307.97591  38.96145   2254
308.10750  43.69031   1078
308.13050  40.27212   2661
308.19252  53.76472   1012
308.20958  25.87184   1790
308.31917 -22.88914   2521
308.68530 -35.81440   1718
308.84300  10.93532   1075
308.89173  18.95155   1335
308.94837 -34.90032   5701
309.16958  -6.48429   1045
309.23106  41.62319   2343
309.40594  32.06153   1450
309.65421  51.32031   6081
309.75724  42.32816   7315
309.85853  41.33326   3393
309.90037  41.32785   1079
310.12517  36.50501   1147
310.57715  42.91177   1000
310.63658  42.97040   2262
310.66404 -28.92704   1060
310.69418  42.96976   1319
310.91972 -26.51960   1010
311.40778  44.25078   2826
311.45559  32.56388   1001
311.79302  -2.60631   2283
312.05021   7.02110   2415
312.78729 -14.57928   1825
313.07296 -36.67508   1427
313.21675  36.59319   5144
314.01807 -19.94318   2727
314.61968  44.77142   1136
314.62017   5.71408   1214
314.99837 -14.67863   1018
315.40047 -28.01024   1637
315.41437 -28.05581   2055
315.42536 -28.05254   1027
315.48458  28.58075   1801
315.90096 -27.82241   1024
316.03057  76.55223   3892
316.75714  42.23619   1341
316.81884 -25.45950   2503
316.84332 -25.43772   2566
316.85006 -25.49840   2213
316.85790 -25.42104   2734
317.09342  49.61039   2409
317.33821  29.07042   1061
317.38265  35.54932   1196
317.40026  50.23409   1016
317.50431 -10.34947   1194
318.20384  62.25011   2560
318.37290  40.21431   1010
318.51440 -35.04398   1091
318.66718 -25.69686   2333
319.01890  61.01456   1037
319.15124 -20.93107   2792
319.26015  24.99229   1398
319.54452 -30.32086   2543
319.57779  60.80385   7804
319.62947  18.27643   1330
319.71909  49.61633   3395
319.94667 -11.59583   1186
319.97906  37.39267   1098
320.18572 -26.74467   1026
320.69274  17.07720   1579
320.72034 -10.05454   1050
320.75710 -16.46561   1611
320.81792  15.80169   1299
320.82246  31.57396   1377
320.91298  -1.20954   1087
320.93522  30.20997   2172
320.93579  25.06966  10336
320.94081  25.08011   1155
321.14466  52.12085   1060
321.36506  64.39427   2128
322.27476   7.54928   2055
322.33922 -18.35635   1412
322.36073  84.89071   1274
322.53595  83.95848   1798
322.63682   5.03820   4099
322.75634 -20.61558   2069
322.84062   9.20940   1015
322.84635 -31.35367   1329
322.89691 -12.11838   1770
323.47342  38.20701   1566
323.54296  -1.88807   1690
323.82028 -17.57441   1061
324.16072   0.69847   3473
324.25445  51.02675   1686
324.30637 -27.91584   1048
324.42355 -14.54602   2416
324.45466 -14.55232   1450
324.45861 -20.70898   3732
324.52095 -18.72484   1458
324.67475 -18.17901   1995
324.75547  14.39321   1132
324.94425  21.19344   1185
325.19913  14.63698   1375
325.54888   3.04032   1087
326.04820  28.17891   1762
326.05042  28.16471   1555
326.32393   4.52556   1426
326.76366 -17.66973   1089
326.85414  15.34463   2933
327.02283   6.96096   2590
327.06711  61.11827   1744
327.36954 -13.07397   1821
327.59829  14.82986   2667
327.68862  14.55914   2211
327.73255  13.80907   1108
327.96251 -19.76832   1972
327.98141 -30.46489   1244
328.01577 -28.47473   2866
328.35308   5.60520   1188
328.64521  14.73145   1015
328.96810  38.00813   6369
329.15775  48.50786   1590
329.18373 -11.46375   1165
329.37138 -18.11747   1433
329.52623 -15.01918   3021
329.67487  29.98570   1277
330.30889 -37.77998   1280
330.48505 -33.35089   1292
330.49997   4.58723   1097
330.68037  42.27782   6051
330.81215  31.76074   2879
330.83675  62.67605   2818
331.52018  29.48941   2527
331.54304 -18.59417   6399
331.58674   5.93660   1065
332.33396 -23.53191   2004
332.33924  37.70513   1833
332.85075 -13.46946   1330
333.00648   8.32105   1636
333.15822   1.88102   2810
333.26070 -25.49158   1210
333.56189  60.47700   1203
333.60389 -17.01673   4229
333.60851 -17.03900   4686
333.66083 -38.59576   1880
333.78881  13.37711   1020
333.95820  56.98222   1056
334.54625 -30.40009   1085
334.71689  -3.59364   2219
334.92738 -27.94057   2024
335.13080  39.81293   1478
335.15622 -24.90059   1155
335.59211  -2.83538   1436
335.95422  -2.07258   1085
335.96147  -2.11746   2065
335.96948  -2.17459   1280
336.40847  21.30183   1838
336.44701  -4.95052   7412
337.44526 -38.39943   2067
337.82919  54.16003   1648
338.15174  11.73066   7202
338.40819  36.01816   1202
339.09359  28.48284   1103
339.40570 -17.21120   1461
339.44451 -11.76213   1634
339.78420 -17.34883   1028
340.36420  33.62027   1107
340.46019 -10.25621   1022
340.85990 -25.74176   1103
340.97836  18.24607   1005
341.41536  39.68175   3216
341.45539  39.68947   4412
341.48873  39.69245   2936
341.54733  -3.00998   1156
341.55933  63.83173   1018
341.57616 -12.11444   1882
341.62732  36.94207   2042
341.64129 -30.74632   1085
341.76634 -36.96223   1261
342.37136  59.91565   2274
342.43729  13.51939   1267
342.47025  11.60295   1207
342.60552  14.33115   1969
342.63807  71.48827   1556
342.69461   7.03531   1591
342.72357 -12.08197   1016
342.89475  18.81117   2133
343.02386  64.66949   2294
343.49043  16.14815  12657
343.53887  24.75654   1889
343.54353  11.61056   1436
343.58756  13.69668   1424
343.72481  57.94434   2797
343.75005 -39.21750   1188
343.76585  13.22596   2707
343.90292  42.04763   1895
344.27317  70.47756   1900
344.27921  16.97358   1343
344.29447 -36.46194   1281
344.34184  41.90450   2104
344.52479 -27.97207   1249
344.67030  58.78394   1321
345.59978 -37.30180   2720
345.93913  44.65182   1230
346.22762  40.48172   1163
346.23175 -34.52477   1293
346.29254  60.24408   1942
346.75423  38.04496   1488
347.53082 -27.96432   1020
347.82060 -10.64729   1099
347.84173  25.79638   1294
348.01834  18.74283   1088
348.11729   9.32461   2489
348.20209   5.27806   1978
348.22440  59.64907   1234
348.24165   5.29040   1084
348.37783  61.49878   8694
348.38552  61.52031   5445
348.40234  61.52511   4892
348.43157  61.48494   4521
348.45049  47.20432   1928
348.47041  61.51715   2884
348.48963  61.51169   1261
348.95066 -18.01105   1219
349.09463 -11.95397   1861
349.14513 -16.42943   1029
349.14517 -14.15161   1081
349.14661   4.08829   4676
349.45151  39.87446   1081
349.60889  67.89596   1322
349.97302 -36.94106   1061
349.98379 -27.45386   2159
350.25839 -16.38479   2358
350.36901  23.78025   1471
350.49936  27.54631   1318
350.50321  59.06878   1209
350.55945  58.52751   1077
350.57799  59.06547   1582
350.60832  50.96444   1294
350.61853  59.00313   1477
350.63711  58.48704   1433
350.64277  58.53604   2221
350.65039   8.20037   1185
350.73610  58.67196   1255
350.78982  58.65471   1677
350.80767  58.81526 373103
350.81601  59.31618   1918
350.82024  59.35146   2819
350.85640  58.81572  16076
350.85658  58.83929 560786
350.85945  58.79395 431387
350.89493  58.79253  14009
350.89644  59.12225   1915
350.90489  58.83551  24163
350.91434  58.80949 339509
350.96160  58.66609   1235
351.09124  59.09147   1893
351.14959  59.21721   2903
351.16435  58.49676   1800
351.16556  58.84605   2236
351.16630  59.25548   3962
351.18146  58.55080   2673
351.19717 -27.32206   1374
351.21198  59.01982   1853
351.25057  58.50607   1891
351.26280  79.28762   1136
351.29262  -3.74631   1224
351.33157  -4.96026   1550
351.33258 -12.12460   1875
351.40185  59.32712   1680
351.40911  58.81289   2516
351.42329  59.52052   1070
351.42636  43.78309   1740
351.43089  58.57895   1251
351.46358  58.84295   4991
351.46486  58.80348   1174
351.50463  58.80078   1361
351.57281  58.68551   1029
351.66974  82.53283   1001
351.72696  -2.03619   2373
351.73240  40.80296   2456
351.98851  27.26565   1480
352.04496  29.61959   1524
352.13264  58.90952   1435
352.13873 -14.90027   1138
352.39057 -19.38475   1406
352.67012  11.00509   1204
352.69243  31.92592   1163
352.91105 -15.94932   1335
352.99582  17.48192   1027
353.00233  29.94721   1249
353.10663  -9.96566   1426
354.16794   8.83050   1156
354.20121 -34.73537   1011
354.48454 -17.87327   1092
354.53187   3.44670   1486
354.59341  27.04272   2815
354.63942  26.99530   2396
354.74661  -4.22605   1462
354.94351  -6.07025   1433
354.97717 -33.17097   1285
355.09650  22.34850   2285
355.12106  26.69932   1030
355.13851  13.55013   1830
355.24187   4.52081   1613
355.30389 -16.34859   1495
355.44093 -35.10688   1824
355.95148  53.81120   2289
356.01526  82.44454   3777
356.39218  65.95515   1358
356.65351   9.51279   1805
357.01093 -16.52016   2642
357.12340  18.73466   1622
357.60578  -2.41201   1822
357.70926 -24.95001   1303
357.72771  64.67186   4948
357.98421  -1.15452   1597
358.22776   6.00917   1059
358.54728  32.91998   1183
358.59049  45.88455   1873
358.78961  49.83570   2306
358.97312  15.69069   1104
359.25280 -34.75882   1286
359.32748  14.76875   1020
359.38022 -11.42748   1814
359.64781  44.07789   1940
