;-----------------------------------------------------------------------
;;  Copyright (C) 1999-2000, 2002
;;  Associated Universities, Inc. Washington DC, USA.
;;
;;  This program is free software; you can redistribute it and/or
;;  modify it under the terms of the GNU General Public License as
;;  published by the Free Software Foundation; either version 2 of
;;  the License, or (at your option) any later version.
;;
;;  This program is distributed in the hope that it will be useful,
;;  but WITHOUT ANY WARRANTY; without even the implied warranty of
;;  MERCHANTABILITY or FITNESS FOR A PARTICULAR PURPOSE.  See the
;;  GNU General Public License for more details.
;;
;;  You should have received a copy of the GNU General Public
;;  License along with this program; if not, write to the Free
;;  Software Foundation, Inc., 675 Massachusetts Ave, Cambridge,
;;  MA 02139, USA.
;;
;;  Correspondence concerning AIPS should be addressed as follows:
;;         Internet email: aipsmail@nrao.edu.
;;         Postal address: AIPS Project Office
;;                         National Radio Astronomy Observatory
;;                         520 Edgemont Road
;;                         Charlottesville, VA 22903-2475 USA
;-----------------------------------------------------------------------
; NRAO/VLA Sky Survey (NVSS) from CATALOG39.FIT
;    2267 sources brighter than 1.000 Jy
;    Catalog made on 1998-07-10 with 1814748 entries
;RA(1950) Dec(1950)   Flux
; deg       deg        mJy
  0.20176 -17.73156   2415
  0.59632  12.52691   1071
  0.72306  69.12125   1105
  0.91779  -6.67143   2051
  0.95348  -0.35195   3898
  1.48241  -6.25761   1323
  1.82019  12.44782   1007
  2.48642  65.57496   1196
  2.59353  77.53502   2101
  2.65459   0.58377   1621
  2.72608  40.58207   1652
  2.78259  34.41672   1520
  2.86434   5.47503   1350
  3.03350  61.01747   4040
  3.12471  31.99254   1678
  3.22428 -38.35424   1261
  3.39568  79.00335   3651
  3.40516  -0.53181   1086
  4.07827 -12.98689   2123
  4.11153 -10.65925   1009
  4.22613  73.18073   1252
  4.45833  15.40392   2180
  4.71563  -1.20519   1165
  4.96516  -0.02825   3010
  5.15353 -25.31560   1227
  5.16870 -25.32554   1106
  5.50082 -29.75725   2924
  5.52815  63.83868   4188
  5.55243  63.89332   4990
  5.61910  63.91780   1722
  5.63190  63.80888   3914
  5.70045  63.90182   5037
  5.73294  63.83724   4771
  5.75478  63.87359   1351
  5.75817 -33.33008   1365
  5.82880 -26.31372   8754
  5.92869 -20.35946   1174
  6.64488  34.66601   1903
  6.72740  63.70202   2993
  7.06723  53.75457   1389
  7.50555  19.62254   1990
  7.88674  39.12949   1866
  8.16110 -20.34182   1957
  8.32283  58.65514   2543
  8.37252  18.35791   1985
  8.62719  -1.42761   4068
  8.63418  60.22794   1261
  8.78517  13.05738   1844
  8.92466  12.18402   1034
  8.94613  -2.40264   6189
  9.00799 -39.27092   1631
  9.14526  74.44866   1033
  9.55742  32.89452   3224
  9.56075   9.78223   4603
  9.71924  -1.99495   1035
  9.85724  23.05963   1270
  9.86419  56.86966   1126
 10.08157  51.78586  11535
 10.41348  66.03813   1694
 10.56977 -35.78254   2560
 10.69334  13.39458   1370
 11.27393 -25.56085   2995
 11.79995  -2.98820   1345
 12.02308  50.92864   1304
 12.12114  89.21193   2061
 12.28645  17.51456   1368
 12.89844  -3.83655   2211
 13.19017  68.10141   7237
 13.28685  26.13948   1363
 13.75340  -1.65291   3203
 13.75937  -1.67185   2165
 14.13238  -0.15527   2509
 14.15845 -17.28045   1757
 14.21254  66.57949   1032
 14.39875  67.86985   1868
 14.42479 -18.08438   1175
 14.97670  46.14219   1323
 15.03301  25.60291   1094
 15.04092  14.60947   1130
 15.47013 -12.85557   2126
 15.70883 -38.45021   1240
 15.80009  15.62718   1129
 16.16523  32.14367   1108
 16.18586  32.10565   1762
 16.29001  69.10953   1011
 16.45427 -16.34003   4202
 16.46810  72.91670   1069
 16.51872   1.31658   2621
 16.55105  13.04234   8071
 16.56187 -29.12416   1302
 16.56223  13.05787   1867
 16.56236  72.94494   1783
 16.57348  13.10605   2945
 16.70973  67.82880   1714
 16.77319 -35.05376   1020
 16.88678  31.52305   1654
 16.97431  56.27237   1889
 17.16859 -14.22829   1308
 17.35849  14.46622   1430
 17.85997  48.13374   1643
 18.18304  -1.71564   1077
 18.42984 -11.86779   1785
 18.60824 -21.13190   4092
 18.70929   7.43381   1540
 18.76448  45.34304   1248
 18.92570  -1.60459   1250
 18.93212   2.70542   1522
 18.96984 -26.12615   1017
 19.03372 -19.08351   1171
 19.10100   8.23601   2628
 19.19692  31.91827   2636
 19.49843 -15.59998   5082
 19.60765   3.47577   1092
 19.76293  11.56911   1185
 19.83922   4.11202   1066
 19.98323  -4.61875   1473
 20.53609  72.50192   1519
 20.59310 -25.54885   1083
 20.72986  -0.35884   1541
 20.88148  -1.66008   2015
 20.97835  32.96007   3714
 20.98849  25.72424   1003
 21.05101  18.95550   1409
 21.18963   8.98321   1693
 21.26120 -14.30810   2612
 21.42835  28.79149   2891
 21.81278  23.38093   2941
 21.90566  25.87843   1699
 22.02860 -26.42432   1465
 22.13120   3.91377   1027
 22.14111  25.08482   1698
 22.18366   4.00106   1358
 22.18720   6.13667   1432
 22.27505  -7.32294   1204
 22.42339  -7.13364   1260
 23.00058 -36.73165   1818
 23.15625   7.93005   2247
 23.41347  20.69452   2339
 23.42253  20.70871   1563
 23.47955  47.60362   1138
 23.52000  29.98760   1469
 23.70749  32.90574  16018
 23.82020 -24.76924   1182
 24.34600   1.27794   1312
 24.43347 -10.20204   1176
 24.61863  13.63881   2741
 24.68003  58.06220   1069
 24.78324 -27.35431   1566
 24.99922 -16.72445   1085
 25.32625  33.94844   1055
 26.05661  20.92411   1173
 26.05973  -5.88239   1212
 26.31435  53.29693   3834
 26.70808  36.22788   1027
 27.07467 -29.79245   1695
 27.08969  -9.27169   1037
 27.09224 -29.76555   1282
 27.38213  21.87239   1042
 27.43767 -29.92974   1017
 27.73739 -33.41950   1187
 28.10777  43.51983   1877
 28.13450   3.39507   1220
 28.26875  74.46780   1801
 28.56998  28.61834   1186
 28.58896  28.61707   1439
 28.65664 -36.51268   1297
 28.80862 -10.97120   2165
 29.07670 -14.46112   1642
 29.33601  21.70823   1011
 29.38635  44.21278   1264
 29.49305 -31.13237   3752
 29.68224  29.32032   1185
 29.73355  18.37059   1124
 29.87650 -11.78323   2753
 30.22533  75.12988   1151
 30.37784  64.59462   5224
 30.40521  79.69573   1363
 30.45346  64.58760   9964
 30.48161   8.82461   1815
 30.53074  14.99752   4068
 30.53880  64.58859   3199
 30.61019  64.58547   1649
 30.64381 -17.26085   1220
 30.84213  62.53223   1692
 31.03166  29.27357   1613
 31.12321   6.74483   1629
 31.49568  61.45023   1080
 31.66390  35.56131   2087
 31.78183   9.59808   1016
 31.91675 -11.20142   1716
 32.10399  21.09084   1356
 32.67096  86.06059   1807
 32.70566  86.08406   3674
 33.07865  19.78188   1016
 33.20829  73.59439   2272
 33.29265 -13.22345   2765
 33.30820 -13.22442   1917
 33.53458  27.85182   1024
 33.89422 -16.74986   1025
 34.51724  35.70883   1708
 34.52545  11.13340   1490
 34.59126  -2.17603   3420
 34.84403   8.21895   1773
 34.87440  42.80845   2304
 34.89359  76.70550   1927
 34.89632  54.58658   1343
 35.01237  42.76687   1494
 35.04965  42.76545   3221
 35.15361  39.78825   3109
 35.32513  27.61046   3025
 35.37982 -28.54262   1154
 35.41049  61.77751   1557
 35.41679  61.83602   1066
 35.43428  61.87990   5390
 35.48587  61.87693  17676
 35.48759  61.83511   1587
 35.64505  -0.81749   1185
 35.69074 -23.43854   2096
 35.76697  62.04064  10969
 35.78167  81.46841   1048
 35.79058  34.13376   2895
 35.91483  77.49796   2683
 36.17149  67.12737   1540
 36.29227 -30.85385   1129
 37.26047  13.16133   1560
 37.36279  34.18154   2601
 37.60461  -6.98443   1410
 37.78695 -23.57068   1233
 38.15121  -4.25272   1496
 38.16049  28.93158   1268
 38.44698  64.74869   1172
 38.57722  58.98141   3643
 38.73165  28.58665   2197
 38.85451 -19.75911   4617
 38.95668   9.95340   1068
 38.96912  16.40093   1942
 39.10875  71.82204   1610
 39.46981 -23.36851   6257
 39.94628  10.80458   1665
 40.02941  -0.22540   4849
 40.06974  49.94719   1164
 40.08060 -21.75265   1255
 41.53318 -23.17366   1128
 41.74940  39.37134   1066
 42.07695  43.04913   1225
 42.10152   5.99764   1066
 42.78538  20.04597   1022
 43.03912  81.84406   1379
 43.50566 -23.61547   1505
 43.51464   9.28552   1392
 43.75401   5.84235   1228
 43.75692   5.86739   1471
 43.79198   5.83597   1872
 44.42363  50.55427   1431
 44.64733  35.00883   1844
 44.83304  60.26883   1001
 44.95259  68.16526   1208
 45.10216  16.24550   1387
 45.12178  16.23920   1693
 45.16495  -0.44513   1100
 45.44388  62.76282   1041
 45.73886 -36.13997   1149
 46.44927   3.92041   1831
 46.45453   3.92126   5748
 46.73110 -10.83408   1132
 46.78791  44.40761   1483
 46.79596  16.91052   4868
 47.30130  39.08784   1936
 47.60795 -15.01773   2189
 47.84665  43.04945   1292
 48.15981  10.02755   1627
 48.21658  -3.46387   1302
 48.74086  41.72286   1941
 48.74514  41.68786   1307
 49.03795  16.29467   8028
 49.12319  41.33108  22830
 49.78420  12.17543   1907
 49.85148 -29.85841   2062
 50.17337   5.39291   2794
 50.87618  55.16758   6939
 50.98140  55.20128   1205
 51.15912  11.97000   1209
 51.29858  71.66561   1392
 51.30778   2.38046   2438
 51.34579   2.39731   2813
 51.53076  53.37156   2249
 51.63192 -28.86847   1450
 51.73352  27.76680   1269
 51.78210  40.85777   1700
 51.94564 -16.81735   1198
 52.20126  74.00795   1844
 52.64531  70.76647   1114
 52.92978  -1.35910   1736
 53.04091  -5.74357   1666
 53.17256  53.48270   1199
 53.34341  32.14348   2677
 53.41836  12.87801   1990
 53.51541  50.60091   3336
 54.22155 -35.53382   1307
 54.24564  -1.93803   2424
 54.25274  31.98930   1613
 54.55325   7.43027   1015
 54.59705 -21.48569   1076
 55.05519 -37.21437   2060
 55.21469   4.80651   2809
 56.16613 -34.53726   1729
 56.19148 -11.27402   1040
 56.39880  33.73526   2366
 56.77777   5.71952   1134
 56.78087   5.70318   2128
 57.26111  26.25601   1410
 57.28679 -14.61869   1011
 57.29385 -14.64822   2034
 57.32453  72.76362   1555
 57.34695 -27.91476   1481
 57.39779 -27.88352   2637
 57.42104 -27.86937   1228
 57.52289  -7.33281   2931
 57.68423  61.26009   1552
 58.41711  18.86533   1052
 58.93814  50.82239   4297
 59.03196  10.25954   4045
 59.05107  14.46455   1232
 59.05592  10.31325   6527
 59.48554 -37.14764   1546
 59.49827 -16.31055   1854
 59.63893   0.46983   1676
 59.87216  51.18585   3120
 59.87854  51.16659   1938
 60.51095 -36.21989   1151
 60.62431  37.92434   1593
 60.80800 -13.27191   4218
 60.99669  76.81457   5620
 61.13949  42.88782   1784
 61.14021   3.59557   1078
 61.15048  42.86674   3243
 61.18663   3.55549   1225
 61.19993   3.54710   3267
 61.36447 -12.32477   2941
 61.48128 -28.08326   1362
 61.50573  38.67842   1850
 61.71717 -18.08334   2362
 61.77473  74.72346   2848
 61.83749  51.03694   4200
 61.84339  51.03365   3275
 62.13951   7.00252   1663
 62.20294  17.10648   1035
 62.43584  22.95782   1477
 62.45823  -1.11976   1575
 62.72376  11.08678   1971
 62.73612  11.06978   2099
 62.73987  48.67872   1853
 62.78422 -34.62909   1446
 62.84539  34.18903   1916
 62.99265   5.45370   2087
 63.28914 -29.60908   1182
 63.47329 -21.06427   2779
 63.59748 -18.97492   1249
 63.72974  37.89249   2925
 63.75121  37.90891   7731
 63.78795  37.91936   4313
 63.84112  76.33348   1043
 64.37075  17.77986   1107
 64.37805  15.16550   1341
 64.44525  25.32256   1010
 64.51569 -39.95324   1162
 64.60170  -5.74032   1058
 64.96942  40.77689   1500
 65.11627  41.71896   1756
 65.15510  34.74731   1297
 65.18142  -1.45780   2726
 65.32192   0.40372   1691
 65.32723  21.32729   1113
 65.38628   1.95916   1150
 65.47706 -34.15874   1327
 65.91796   4.72838   1326
 66.15731 -26.84064   1220
 66.18426  55.19347   1711
 66.19922 -13.15955   1087
 66.26464  17.76811   1014
 66.45292  21.44918   1338
 66.96743 -36.62354   2112
 67.02868  20.51918   3756
 67.13255   1.10849   1651
 67.16422  72.38193   1086
 67.28251  41.53588   9832
 67.63142   5.24984   3439
 67.75995 -30.04123   1105
 67.77017  61.51474   1014
 67.84965  -2.60245   1643
 68.14121   4.46385   1047
 68.48083  29.57031  49203
 68.80870  48.71458   1321
 68.91176 -30.00055   1091
 69.19591  50.36563   1232
 69.69718  61.21863   1724
 69.84966   1.25593   1145
 69.92498 -33.76221   1156
 70.02188  -0.38888   1773
 70.51554   2.70630   1145
 70.65150 -28.24731   3264
 70.66126 -28.26128   3475
 70.71496  39.66089   2024
 70.73397  50.53737   1311
 70.97253  33.37430   1171
 71.36129  44.93990   4004
 71.37192 -22.14778   2094
 72.21198  51.98339   1473
 72.25177  52.01054   1078
 72.51826  57.88022   1468
 72.54391  31.40843   2883
 72.81314 -28.20797   2542
 73.30847 -20.64923   4564
 73.31427  -0.23610   1251
 73.32416 -30.19189   3432
 73.42641  22.74518   3433
 73.51779 -22.07074   1091
 73.73876 -23.49120   1727
 74.03393   6.05947   1194
 74.12435 -30.19722   2666
 74.31472   2.41838   2067
 74.67089  47.69667   1408
 74.67226  -2.05900   2265
 74.97642  25.20313   5771
 75.18825   1.98163   2245
 75.19267  63.02494   1209
 75.32001  38.05177   4105
 75.32763  38.02568   2144
 75.32807  38.01563   3123
 75.62936 -10.31546   1483
 76.24674   3.06654   1050
 76.56266 -38.77423   1268
 76.57619  29.90276   1059
 76.87212  29.09221   1970
 76.96688 -12.24072   1228
 77.15407  -7.63115   1120
 77.22218 -22.09276   1913
 77.87945   0.88365   1834
 77.88885 -30.56668   1127
 78.09825  37.87137   1128
 78.23141  24.93422   1133
 78.26557 -13.69286   1637
 78.44948  45.56392   1336
 78.50073  10.91116   1205
 78.90808  50.85781   2069
 79.10526  27.68265   1702
 79.27910  45.42698   1317
 79.56900  16.59083   8603
 79.84584  -6.26190   1045
 79.87584 -20.84174   1916
 80.00189 -12.19975   1011
 80.30384 -36.50413  15620
 80.32219 -26.28161   1355
 80.42510 -32.90155   1078
 80.85932  32.79061   2168
 81.28919 -12.73807   1096
 81.37846  21.51060   1164
 81.52329  24.97515   1150
 81.53159  15.28132   1145
 82.02177 -25.09577   1162
 82.02828  13.49513   1557
 82.20007   6.47144   3234
 82.31761  68.96750   1056
 82.48544   7.51064   2729
 82.54914  21.94998   2004
 82.56850  21.92370   1324
 82.59456  22.23645   1381
 82.60560   4.06429   1935
 82.61542  21.93963   1143
 82.65399  21.54198   2130
 82.66867  22.22456   2148
 82.71700  21.94761   1046
 82.72554  21.70889   1240
 82.74782  21.67672   2412
 82.75355  21.48364   1219
 82.77182  21.62631   2109
 82.79030  21.57306   1530
 82.79048  22.16324   1338
 82.80845  21.65084   2111
 82.82256  27.50710   1043
 82.82539  21.82746   2324
 82.84736  21.57503   1375
 82.84912  21.96161   4359
 82.85370  22.00033 140554
 82.86792  21.97262 114409
 82.88010  22.00448  88975
 82.88224  21.97595 272175
 82.88803  21.73765   2116
 82.89485  21.97692 224279
 82.90549  21.80208   2141
 82.91274  21.99360   5895
 82.91546  21.96442  58897
 82.93743  21.84541   2422
 82.93989  -5.52101   2394
 82.94734  19.42362   6999
 82.95076  22.15932   1004
 82.95870 -23.77443   1317
 82.97549  21.97264   1168
 82.97797  -5.49726   1511
 82.97890  -5.44826   2465
 83.00280  22.28274   2153
 83.02210  10.04292   1061
 83.03104  22.08938   1087
 83.05107  21.72023   3317
 83.06432  22.10157   1363
 83.09361  21.66106   2291
 83.11959  21.60518   1490
 83.14441  21.66706   1652
 83.16384  22.21440   1341
 83.20703  -5.40720 105702
 83.21063  -5.43725  98042
 83.21372  22.03034   2788
 83.22164  22.05571   1164
 83.22436  22.00746   1518
 83.24417  22.01992   2502
 83.26531  -5.29439   6177
 83.30757 -12.07009   1358
 83.41817  -5.42140   1112
 83.53745  -5.29747   1064
 83.57226  -5.33000   1428
 83.59152  -5.47841   1201
 83.60866  34.27318   1819
 83.62528  36.15805   1043
 84.05403 -13.27020   1329
 84.42317  35.82689   1091
 84.46406  17.45247   1475
 84.51205  47.46132   1805
 84.68135  49.82870  22880
 84.77850  -1.90284   5259
 84.78372  -1.93739  17090
 84.81118  -1.94226   8656
 84.81496  -1.89057   1476
 84.81630  -1.92898  15116
 85.13047  18.74006   2177
 85.26644 -24.37256   1036
 86.02035 -17.44914   1046
 86.40478  26.58452   1165
 87.10541  16.59929   2043
 87.23849 -31.75287   1034
 87.53031  31.28748   1159
 87.68580  19.59889   1375
 88.00586  39.80594   1516
 88.18716  12.53191   1519
 88.60039 -32.39097   1173
 89.01313 -28.93381   1279
 89.24486  19.14605   1029
 90.09179 -38.31795   1177
 90.20877 -13.16682   1336
 90.21182  21.99661   2772
 90.34694 -34.44572   1014
 90.37559  20.35978   1857
 90.37765  64.74960   1042
 90.59387 -31.92839   2960
 91.03177 -35.29608   1337
 91.10293 -20.36036   2919
 91.16372  72.82414   1042
 91.33259  -6.37622   4111
 91.40028  -8.57236   1906
 91.43515  48.08045   4133
 91.85847 -15.70087   2743
 92.45138  71.05295   1101
 92.46191  60.78743   1182
 92.53665  17.99218   1757
 92.66764  78.37442   1074
 92.67895  26.09194   5001
 92.88241 -25.49541   1031
 93.36423  54.09309   1275
 93.70338 -34.91921   2873
 93.95002 -36.55039   2069
 94.03173  13.63004   1956
 94.37046 -20.88131   1021
 94.55754 -37.17228   1335
 94.58453 -37.16863   1467
 94.62409 -25.23091   1214
 94.70866  14.56120   2237
 94.80725   4.66785   1055
 94.95834  22.03299   1062
 95.10516  31.64129   1624
 95.39155  40.09229   2116
 95.42439  32.11296   1426
 95.50023  47.76393   1121
 95.72842  14.70163   2444
 95.95171  26.41903   1445
 96.05619 -16.64577   1044
 96.17975  -5.85360  18487
 96.24835  84.22363   1100
 96.31848 -35.45499   1064
 96.33614 -35.45631   2373
 96.35052 -35.45275   1076
 96.46709  50.50514   1251
 96.60407 -21.17529   1016
 97.14931  19.18309   1245
 97.37276  10.40435   2380
 97.46000  16.03724   1445
 97.62368   8.26048   1103
 98.36120   4.58664   1011
 98.59221 -20.51712   1710
 98.59362 -20.47359   1349
 98.60093 -20.66642   2868
 99.09955 -16.77629   1384
 99.49199 -27.71181   1131
 99.90612  59.97307   1430
100.02050  23.36943   2583
100.47632  59.82727   1136
100.49880  29.54016   1745
100.60271  21.41570   2591
100.65301   5.57859   1350
100.87120 -15.78387   1502
101.15021  61.70647   1044
101.45937  14.72939   1032
101.49155  -2.31234   1271
101.56522 -17.67760   1046
101.62202  69.24614   1000
101.63286 -39.88348   1403
101.63792 -39.90792   1279
101.90052  45.21645   1263
102.04285 -16.56836   1778
102.09160  60.69310   1007
102.44874  22.60140   1040
102.79569  54.21406   3681
103.13263 -13.09361   1190
103.54456 -14.04303   2123
103.55013 -14.07798   1551
103.84697 -31.99125   1488
103.98644  69.93453   1739
104.17943  54.33336   1084
104.20677 -24.21786   1045
104.22709 -24.22227   2079
104.39394  68.76012   1456
104.73511  38.02907   1646
104.76334  25.29139   1603
104.77040  25.31471   1350
104.81871  44.59342   2398
105.19293  -0.77624   1528
105.69715  74.90284   2806
105.77498  46.87694   1585
105.79309  42.61221   1108
106.11324 -23.11544   3593
106.50690  26.15959   1130
106.73491 -15.36887   1035
106.76082  47.61888   1019
106.93436   9.41442   1021
106.96040  -3.64149   1211
106.97970  68.95362   1874
107.40645 -20.63636   2057
107.51388  43.90728   2012
107.56804  11.85835   1694
107.71079  45.75680   1286
107.77329  35.66463   1468
107.80986  14.69256   1931
108.17517  53.47530   1502
108.31645  -2.42810   1415
108.80577 -24.99048   4375
108.82165 -36.27852   1507
109.66152  -0.76961   1133
109.72735 -34.02721   1120
109.75338 -11.99702   1681
109.99419 -18.70911   1026
110.60490  39.39036   1105
110.61234  14.52001   1067
110.63350  -9.56626   1382
110.76952  67.91468   2123
110.77453  10.63425   1230
110.82448  -0.81570   1399
111.13753  -1.98757   1274
111.13970  -1.96637   1514
111.33443  14.72954   2304
111.44042  12.27291   1071
111.82345 -36.55760   1200
111.93646  15.35909   1543
111.95923 -18.43861   1288
111.99223 -11.58119   2760
112.16250 -26.23705   1237
112.24975 -23.59023   1047
112.34670 -22.29852   1809
112.82838   2.14895   1281
113.09696  -5.22142   1689
113.17404  33.23065   2474
113.38100 -17.48504   2975
113.44102  36.16821   1011
113.49518  70.50036   2582
113.54013  80.57760   1489
113.62462  80.54524   1835
113.80881  17.81942   2258
114.00915 -38.10215   2437
114.00961  -1.95787   1149
114.09049 -30.30338   1438
114.12599  -6.33424   1601
114.17718   1.73336   1965
114.50073  31.31729   2285
114.54931 -36.28874   2750
114.58714  27.22998   1047
115.04223 -17.13270   1031
115.13926  82.82354   1845
115.23665  38.00853   1237
115.47786  -6.37213   8079
115.63001  31.83674   1360
115.70211  10.30915   3507
116.27874 -18.82243   1394
116.32686 -19.16971   2373
116.44242  56.03196   1050
116.75957  31.45683   1044
117.02127  12.64577   1487
117.28999 -19.15908   1188
117.43413 -38.74299   1047
117.46482 -27.84587   1196
118.29131   2.31152   1010
118.70518 -11.49744   1493
118.78973  37.92297   2721
119.11905  37.78447   1692
119.46673  50.30082   1472
119.68760  14.38438   2735
120.06650 -17.72136   1684
120.39534  30.35287   1269
120.51574  10.39912   1850
120.63244  24.31595   2356
120.65887  24.30374   2868
120.76734  -0.82697   1331
121.24362  49.98963   1115
121.32340 -17.26879   1264
121.32922 -33.35889   1085
121.45657  -7.70601   1596
121.62211 -10.32549   2760
121.63034 -10.30294   1498
121.65827  42.61562   2057
121.90901 -38.94991   1015
121.95277 -38.93755   1234
122.38176  40.46745   1063
122.39752  -5.67222   1643
122.45657  32.86923   1326
122.49761  48.36857  15010
122.74446  46.09661   1107
122.98713  13.12241   1604
123.19642   2.07183   1756
123.23770  -2.98686   1963
123.65917  22.77574   1277
123.71536  42.53561   1091
124.00719  52.69908   2105
124.46739  18.38127   1269
124.50439  47.20269   1788
124.65116 -12.82350   1097
124.71931  17.96564   1876
124.72934  51.36849   1256
124.74843 -36.06424   1093
124.75103 -36.05603   3410
124.82544 -30.00680   2028
124.89385 -30.05289   1189
125.01805  74.23799   1038
125.11869  22.54593   2273
125.22182  56.04093   1450
125.40525  39.44115   1481
125.52272  39.49267   1199
125.79198 -28.62103   1076
125.80655   3.32104   1401
126.04651 -35.38179   1037
126.08914  29.47788   2044
126.26453 -20.27393   3755
126.55002 -37.35146   2577
126.61996 -31.83934   1336
126.84600   7.93072   1390
126.85359  23.55883   1102
126.97959  37.87174   2260
127.29544   4.66395   1242
127.41510  51.22304   1315
127.47945  72.81785   1091
127.76826  55.74481   8284
127.99380  17.18550   1884
128.06869  14.36987   1157
128.32567  65.40131   1276
128.60273 -20.10824   1971
128.73395 -19.69027   4743
128.79184  58.07994   2258
128.97690  50.58173   1052
129.09021  71.07269   3824
129.35242 -12.06315   1093
129.50764  13.38500   2613
129.80867  18.77446   1260
130.04816  42.43886   1410
130.46445  78.68476   1509
130.78307 -33.61075   1639
130.96498 -25.99818   1811
131.04715  54.06135   1543
131.18233 -29.52799   1314
132.59549  14.07165   2365
132.68750 -20.60088   2293
132.70885  58.14853   1102
132.73987  -3.49552   1355
132.86524 -14.27396   1895
132.97212  14.28876   2164
132.98852  20.29959   1512
133.17416  -7.05925   1157
133.64291  34.26188   1799
133.67048  -3.46790   1133
133.79544  28.04137   1809
133.95336 -19.64918   1226
133.98174  14.35667   2371
134.33974 -19.17828   1037
134.49418  18.73158   1229
134.52203  29.22582   2004
134.63144 -27.94252   1475
134.90277 -25.72460   6254
134.91680  47.04929   1755
134.97903 -14.06067   2898
134.98352  -5.07992   1199
135.24469  42.83381   1248
135.93390  16.97146   1587
136.08426  41.78347   1396
136.42172  38.00855   2087
136.57204  43.09998   4234
137.22459  38.06539   1112
137.32084  16.51402   1375
137.82144  17.47196   1529
138.30723  58.85640   1108
138.41477  39.11736   1005
138.70508 -31.40065   1048
138.90546  22.75420   1025
138.92208 -11.88398  40851
139.34739  18.10254   1071
139.42476  44.91093   1018
139.44545  45.84788   2613
139.45662  45.85883   2177
139.47511  45.87835   3316
139.81959 -26.09837   1291
139.83010  53.25326   1599
139.95920 -14.26634   2045
140.20072 -39.77810   2616
140.31682  -9.37456   1058
140.71647  64.54364   1094
140.98059  39.25653   2885
141.63197  79.32865   2241
141.80169  59.14137   1083
141.87437  36.24330   1876
142.61207 -20.07589   1013
142.79382  83.48194   2953
142.99860  39.92550   1030
143.10063   8.91725   1038
143.24630 -28.11809   1537
143.93604 -28.99343   1019
144.20114  36.15823   1951
144.22219  36.09664   1462
144.57443  39.96513   1055
144.85483  14.09306   1339
144.88410  13.99240   3337
145.15463   2.95364   1332
145.18910   0.15656   1190
145.20040  -7.40571   1027
145.28566  -8.09589   2757
145.40042  10.00204   2395
145.61919  17.15336   1063
146.17179  73.46657   1011
146.25320   7.65031   2282
146.28607   7.65293   3111
146.30582   7.65413   2229
146.31170  66.48263   2298
146.45876  40.89546   1600
146.86540  14.56656   3713
146.90244 -24.95586   1119
147.29370  24.61006   1790
147.30383  28.71105   1363
147.35427   0.21112   3153
147.51904  74.83543   1213
147.92980  69.91662   6205
148.04914  17.96247   1159
148.49892  25.49264   1081
148.55980  55.62113   3080
148.85572  32.63958   1248
148.95834 -28.82930   1277
148.98314  -1.42711   1215
149.39225  22.79549   1117
149.44120  14.26667   1167
149.72745  29.02362   3413
149.75082  29.03300   2187
150.04738  20.10686   1228
150.41174  32.10720   1264
150.69759 -21.62989   1048
150.71064 -21.50469   1111
150.77247  35.14665   3237
151.05727  44.66151   1035
151.06329  59.38064   1083
151.34184   7.74951   6523
151.72734 -28.68581   1556
151.85902  71.65789   1965
152.09613   6.65788   2965
152.16314  46.71922   1558
152.45775  74.87499   2088
152.95544  81.33770   1172
153.00205  23.26895   1096
153.56877  39.27335   1393
153.75304  27.78586   1275
153.97226 -31.48686   3862
154.22746  66.10765   1147
154.48407 -32.50781   1789
154.50872  80.80128   1807
154.78921  22.24446   1687
155.06084  40.05788   1123
155.07695  59.33366   1610
155.65381  20.42685   1252
156.15555  79.13387   1111
156.89925   0.88447   1078
157.58111  58.50188   4189
157.73461 -34.05405   1398
157.77993 -11.91731   2066
157.80902  50.48345   1546
157.85983  11.46734   1201
157.98316  56.73853   1802
158.73264 -29.30758   1113
159.67034   6.43281   1406
159.76719   2.97090   2711
160.02474  12.32099   3306
160.97979  15.99345   1072
161.11072 -35.75951   1321
161.34736  60.41012   1022
161.41746 -18.89562   1155
161.44087  35.22145   1035
162.07969 -27.28707   1022
162.18053 -31.37176   1199
162.25802  -9.04329   1070
162.27393 -20.13101   1505
162.27998  21.59696   1254
162.43690  20.76253   1728
163.29139 -28.25896   1793
163.70739 -37.04080   1454
163.87464 -24.29558   1106
163.90459  20.13717   2144
163.98055   1.83416   3221
164.03367  43.29128   2876
164.14295 -36.07820   1105
164.58253  72.69588   1246
164.86347  56.10337   1207
164.87704  -1.00261   2801
165.00098  -9.42102   1253
165.10728  77.25278   2341
165.94052 -24.47510   1115
165.97713 -20.87975   2525
165.99260  -0.61051   1067
166.18658  -5.14550   1034
166.37715  14.86418   1349
166.54548  25.28555   1091
166.68098  38.01327   1222
166.76013  37.90922   1031
166.77819  37.91683   1185
166.78926  11.00005   1482
167.17105  20.19843   1195
167.19750  35.95107   1338
167.20051   3.42467   1019
167.59055 -21.70262   1467
167.74531  -1.94298   1597
167.97090  40.89498   3129
168.47351  29.52871   1930
169.08647  12.85199   1113
169.18639  -5.17846   1175
169.21698  -2.77392   1731
169.42059 -24.86138   1741
169.46248  14.62238   2447
169.51737  23.73933   1362
170.14269   5.78014   1722
170.73882 -37.11573   1203
170.87121 -35.11435   2124
170.92951  34.03261   1378
171.87862  66.71068   1196
171.89859 -14.54841   5623
172.23499  45.52361   2050
172.43532  63.67810   1000
172.77505 -19.62784   1224
172.96776 -17.18789   1668
172.98879  43.74324   1568
173.06822  30.36682   1146
173.16379  -0.07883   1268
173.31356  43.25572   1449
173.38167 -17.27694   1003
173.73229   1.54724   1061
174.16040 -13.56814   4225
174.19918 -32.10509   1525
174.29539  66.07349   3096
174.42209  18.00466   1144
174.46926  12.32930   1529
174.52374  59.48440   2180
174.64306   1.51553   2691
174.76633 -28.57042   2571
175.00995 -11.41926   1383
175.20481  22.39305   3129
175.48742  37.44894   1015
175.58643  70.24862   1724
175.62406  19.88815   3514
175.63744  19.90405   1815
175.70602  31.84296   1106
175.72680  31.83794   1786
175.76773  50.04667   1425
175.90156 -24.51440   1434
175.95647 -31.67607   1539
175.99004 -33.20082   1753
176.12848 -37.92526   1804
176.61320 -11.79301   1031
176.83760  13.06577   1639
177.04224  -0.12035   2775
177.59908  81.25306   1343
177.70019  49.79743   1573
177.82933  40.89284   1136
177.90871  29.54723   1621
177.95585 -34.81321   6197
178.36408  59.06306   1592
178.43372  31.74631   2979
178.96524  25.11657   1022
179.15748 -22.19832   1178
179.16269  -9.40263   1030
179.16338  54.16367   1741
179.24065  29.52394   2032
179.30990  58.61739   1192
179.43553  73.29096   5565
179.47215  73.29064   1113
179.48834  46.09031   1157
179.91124 -10.40283   1666
180.20101   4.51659   1147
180.36796  -4.10051   2142
180.74453 -26.29070   1654
180.94282   4.38167   1502
180.97524  64.50526   3720
181.51820 -33.77374   1108
181.67495  43.93335   1980
182.32211 -40.01677   1906
182.59826  20.82184   1419
182.74671  13.40029   1345
182.88654  33.44052   1404
183.17593  17.77843   1011
183.25711  53.87612   2756
183.29898 -17.25167   1662
183.35343  35.08193   1507
183.73491   3.88989   1297
183.77555   3.94244   1117
184.00014 -10.03477   1967
184.11392  20.20218   1048
184.15584   6.10241   1613
184.17550   6.10538   4071
184.25778   6.10841   4587
184.48025   9.75153   1065
184.50529 -37.39344   1169
184.51623  33.99704   2846
185.57964   3.79081   1281
185.59820  21.65662   2095
185.63173  13.15329   3179
185.63564  13.17205   2836
185.97125   9.94492   1009
186.01146 -26.22394   1271
186.37842  36.86297   2099
186.42058  20.66506   1270
186.53650 -21.16104   1261
186.63731   2.32773  54992
186.83258  11.94957   1162
187.01588  12.59778   2710
187.03216  12.57554   2398
187.07338  12.66538 138488
187.12603  12.66570   1968
187.13389  12.67893   1498
187.35840  -2.12527   1648
188.22130  21.61366   1496
188.24316 -24.91531   1198
188.25516  21.62280   1424
189.28027 -10.11681   1519
189.45220 -17.01512   1063
189.93728  -4.49822   3673
190.14083 -20.92977   1623
190.36473  16.65484   2897
190.60994  41.07508   1342
191.02840 -25.52376   1166
191.20429  49.27776   1205
191.43874 -19.71595   5136
192.56319  56.84348   2289
192.62714   2.91081   1606
192.76342  15.97872   1770
192.94154  27.89667   2925
192.97972 -12.29443   1836
192.99400 -28.95785   1054
193.00451 -12.28488   5293
193.39921  -5.51849   9712
193.65116 -33.30797   1292
193.66488 -30.09278   1163
193.67159  47.60890   5100
193.81332 -31.65095   1144
194.17136  -7.83253   1080
194.55674  40.42156   1370
194.56621 -32.17201   1388
194.96782  81.17948   1251
195.77181   9.18853   1462
196.34390   6.97108   1123
196.50869  -9.57565   4245
196.63025  66.00384   1864
196.81612   0.05585   1638
197.03166  32.61133   1687
197.18871  27.73115   1171
197.23881 -22.01277   5200
197.89143  55.23785   1305
197.93744  67.86178   2423
198.10219 -18.70683   1269
198.14824  21.00570   1099
198.33335 -33.38611   1278
198.44580 -12.17381   1319
199.26953  -0.56579   1469
199.42233  52.06388   1093
199.47902  17.98203   1574
199.70676  11.37524   2239
199.97053  27.02393   1100
200.17480  29.95353   1370
200.94429  37.05942   1021
200.99131  32.16205   4862
201.26528  -1.79426   1254
201.30542  32.11636   1416
201.84766 -21.44346   1955
202.06637  25.41046   7053
202.09380 -25.73841   1505
202.20700  30.76614  14903
202.38806 -32.88251   1425
202.39200  50.38852   1061
202.44016 -25.74052   1506
202.59823   2.26931   1310
202.68787 -32.83374   1742
203.46370 -33.72295   1344
203.72864 -17.94043   1537
203.74938 -12.70266   2677
203.88028  -6.19920   2959
204.15940  39.10647   3359
205.05170   5.32694   1601
205.06536   2.22108   1027
205.12443  60.61325   1494
205.24423 -37.31379   1128
205.48907  14.40486   1303
205.55081 -31.42041   1040
205.75285 -30.00112   1426
205.76337  -0.70190   1052
205.86104  43.08760   1174
205.86469  50.02565   2399
206.09831  -7.80725   1907
206.27598  12.53894   5398
206.71844 -39.13284   1847
206.82114  21.37246   1282
206.86672 -21.83049   1097
206.92765  53.93571   1097
207.03852 -12.95591   1270
207.29479 -14.57423   1263
207.33714 -26.57773   1901
207.49319   2.79280   1149
207.51323  31.69252   4086
207.62004  11.36473   1538
208.58472 -13.85146   1371
208.59175 -17.49045   1489
208.61841   1.32131   2401
208.67510  19.56240   2586
208.83543   1.01887   1922
209.71680 -11.34229   1133
209.74318  62.41854   4308
209.79447 -28.13283   1098
209.92430 -35.82328   1514
210.34942  -4.38652   1120
210.36539 -29.62817   1370
210.52869  63.95252   1141
210.67077 -36.68704   1070
210.70137  66.09940   2009
211.05940  -1.66707   1144
211.14201  34.42814   1317
211.51178  24.02593   1101
212.15065  37.02436   1227
212.38947  52.43691  22721
212.79504  -5.76525   1523
212.81511 -23.86089   1045
212.88478   9.48427   1075
212.93323 -30.19527   1355
213.37438 -36.45405   1101
213.39130  13.57170   1092
213.46907 -21.54037   1410
213.48440  34.97487   1864
213.58417  11.00109   1473
213.61220  11.04214   1432
213.63121   7.41152   1613
213.66136 -21.21456   1193
213.69848  -3.78223   1688
213.80476  46.34861   1029
214.06411 -15.69676   1649
214.16156   6.70621   6101
214.24487 -37.49725   1296
214.26060 -19.24727   1974
214.43555  27.25756   1234
214.77631  41.97503   3148
214.97976 -27.23888   2270
215.17049  19.81636   3248
215.20737 -18.04398   1165
215.29307 -38.21375   1037
215.30585 -38.22700   1064
215.63670 -29.77349   2403
215.65635  20.23164   1809
215.79823 -17.72024   1226
215.89416  24.29318   1559
216.38983 -27.47435   1554
216.48572  -1.17940   3048
216.89493   7.47207   1008
216.93377  54.32498   1029
217.54468 -17.80646   1013
217.95047   6.58790   1008
218.60784   3.62011   2812
219.01804  76.30696   1304
219.17508 -16.76966   1970
219.38309  62.41310   2411
219.59329  38.55166   1087
219.78631 -26.39926   1060
220.34805  52.23871   2544
220.51106  50.78637   1210
220.71041  10.18668   2418
220.97398  77.33448   1882
221.13793  28.15893   1114
221.36813 -16.13223   1376
221.52717   0.51232   1652
221.95624  77.14658   1667
222.07283  63.47664   3007
222.74171 -33.81238   1075
222.82833 -36.44637   1244
222.83559 -40.00631   1031
222.84463 -36.47833   1357
222.89001 -19.21536   1058
223.00517 -36.71976   1073
223.10058  -4.15962   1068
223.10105  -4.13744   1038
223.13506  -5.45116   1028
223.29877  69.66175   1068
223.30184 -10.94819   4251
223.49554 -35.88262   1497
223.51107  -6.09433   1221
224.02921 -36.73102   1443
224.12272   4.47028   1079
224.15426 -16.49478   1201
224.59374 -39.11323   2939
224.73610  71.86978   7469
225.06343  57.15987   1216
225.24551  -2.31352   1041
225.50086  10.68806   1775
225.68732  26.24071   1061
225.70089  26.21923   3361
225.70304  26.19037   3205
225.74560  60.20909   1554
225.83936  -9.12738   1321
226.06847 -16.68313   2711
226.91474  47.63825   1269
227.06220  -5.53019   3570
227.12554   8.04517   2260
227.15335   8.06160   1541
227.21964 -30.56308   1155
227.47010   1.53945   2263
227.53713  -8.91351   2702
227.55126  70.94681   1070
227.86794  23.82885   1768
227.87762  26.31173   3597
228.57117   7.20475   5500
228.66579  18.68878   1336
228.68876 -24.18978   2042
228.79587 -12.06949   1000
229.27143 -28.39045   1122
229.46100  20.44812   2688
229.68686   4.68448   3928
229.69273 -29.53363   1002
229.90532 -27.32501   1107
230.03103  -4.89004   1186
230.23564  72.59606   1550
230.38841  11.10527   1061
230.58653 -18.87266   1041
230.68605  54.64745   2626
230.82538   3.31533   2001
231.05365 -13.67652   2866
232.23030 -29.33365   1526
232.37353  35.73024   1822
232.41972  24.21405   2893
232.68425 -33.45302   1104
232.72600  13.70752   1114
232.73071  15.44582   1056
233.08408   1.68350   1344
233.44290  55.77897   1848
233.79973  13.90983   1807
234.62605  14.95629   1387
234.85261  -9.30287   1330
235.05952  61.19209   1002
235.08460  -7.79301   1509
235.20136  60.41838   1338
235.21746 -33.71793   1717
235.31715 -13.35866   1147
235.90094   0.59494   1831
236.31465  65.07263   1011
236.36319 -12.07269   2795
236.38257  21.03101   1561
236.80128  30.93889   1250
236.90550  21.57838   2522
237.02884   5.60316   2304
237.30873  62.83906   3564
237.74889 -26.93071   1394
238.10846  19.93442   1095
238.39134  -6.23207   1266
238.48849  20.21686   2314
238.73324  43.09621   1335
238.82383   0.11218   1106
238.83334   7.29669   1130
239.04841 -21.53507   1218
239.36070  -0.48263   1155
239.48462  65.64763   1542
239.93956   2.11016   1934
240.00045   2.10123   6170
240.04967  33.58601   2991
240.52692 -28.85031   2489
240.54134 -17.43569   1534
240.55377   1.43320   4076
240.66401  -9.30615   1202
240.67615  -9.31601   1082
240.72303  -9.33599   1250
240.80540   0.56618   1378
240.91275   0.14158   2129
241.38119  80.40137   1016
241.59717  10.61672   1392
241.78868  26.82189   4909
241.83074  -9.18672   1273
242.03364  33.10835   1172
242.29238  66.06967   1874
242.32590  66.07684   5035
242.54074  22.49816   1402
242.58401 -21.44204   1247
242.93742   4.22340   1026
242.94970  34.33880   4025
243.09806  79.79276   1239
243.64526  -9.91866   1142
243.64531  26.90620   1485
243.77186  21.24665   1749
243.94352  32.48998   1215
243.94889  32.50516   1386
244.39206 -11.10683   1038
244.49938 -23.58282   1220
244.52866  17.72659   1995
244.70078  10.88819   1081
244.98440 -11.36650   1031
245.24520 -26.09260   1340
245.30518 -11.56388   2726
245.63563  23.86851   2613
245.68394 -25.34790   2522
245.68692 -31.02290   1709
245.73837 -29.74477   2286
245.74132  15.86881   1031
245.82717 -22.81319   1246
246.01115  60.23317   1095
246.07600  41.69003   1678
246.07929 -39.77315   1725
246.34334  21.31725   1109
246.50868  27.80317   2000
246.58978  14.74403   1206
246.73090  39.65897   3680
246.83205  44.42672   3019
246.87651  23.44515   2053
247.14338 -26.83936   1295
247.35259  12.04010   1734
247.81718  85.93415   1643
248.37768  38.23620   2726
248.50470  62.86157   5002
248.64645  26.90202   1337
248.75879  74.19812   1057
249.00024 -23.40095   1291
249.00028  10.68391   1135
249.00685 -40.16876   3459
249.08065  47.39332   1062
249.08084  -3.12650   1023
249.32242  57.43778   1199
249.48049  62.67607   4611
249.51315  -2.56571   1918
249.61657  12.42955   2071
249.83951  -6.26211   1220
250.13574 -23.17574   1068
250.24174 -15.34742   1331
250.32321  39.90299   7099
250.33564  37.58554   1419
250.39399  17.35565   3667
250.57509  69.03676   1721
250.59173  13.17869   1337
250.77042 -22.37724   1995
250.79647   2.28609   1967
251.08580  -7.17082   1160
251.18696 -10.64970   2139
251.36623  17.42418   2131
251.50440   2.79963   1071
251.83089  42.98605   1286
252.14866   5.07886  11158
252.15320   5.07895   8483
252.18136   5.07236  23548
252.18606   5.07185   3430
252.25650  -6.21283   1141
252.58866  75.85884   1942
252.60425   0.40075   1329
253.04900  39.84033   1559
253.93308   7.76676   1413
254.02353   5.32950   1534
254.03227 -40.10031   3604
254.05679 -40.11480   8632
254.10429  48.21782   1036
254.49578 -29.83888   1777
254.51291  47.12712   1467
254.52691  47.11376   1893
254.59410  14.88339   1729
255.40299 -13.76489   1168
255.45333 -24.68017   1442
255.52753 -24.69005   1288
255.54391  29.85152   1414
255.61142 -32.25628   1160
256.02158  60.81395   3076
256.14114 -30.44820   1018
256.49452 -35.35967   2117
256.74901 -40.12026   1604
257.00964   0.67829   1345
257.08957 -39.10644   1851
257.32494  46.08527   1866
257.35141  30.38151   1044
257.41429 -38.93932   1130
257.45247 -28.10133   5182
257.53202 -24.96570   3364
257.56200 -24.99824   3857
257.58875 -37.04539   1908
257.59489  -8.22538   1352
257.60120 -26.92355   1135
257.64802 -32.37927   1496
257.67026 -38.07730   1176
257.69937 -38.12975   4139
257.77523 -38.41932   1185
257.84623 -38.45679   2184
257.85081 -38.49556   1063
257.86379  28.27556   1029
257.89479   0.64022   1142
257.93009 -25.18688   2691
258.09928  -3.30313   1325
258.36588 -37.96748   2078
258.41850 -36.29775   2401
258.54257 -39.76100   2172
258.65509 -37.38999  18095
258.73020 -39.26734   4072
258.74954 -39.26341   5800
259.01474 -37.12999   2742
259.10539  68.98680   1073
259.16681 -38.90920  20611
259.20780   0.67002   2208
259.24050 -35.86490   6087
259.26139  22.80234   1575
259.29455 -35.80669   4491
259.30627 -14.38464   1743
259.34560 -35.77200   9467
259.37504 -35.71836   2383
259.41065 -36.01569   1003
259.42697 -37.40149   1273
259.43381 -37.71901   1517
259.43822  -0.93344   4064
259.45136 -37.70561   2004
259.46080  -0.93180  20234
259.46329 -23.61170   1980
259.49830  -0.92982  31226
259.88834 -28.28460   1079
259.92775 -35.87452   3769
260.00686 -35.84866   3770
260.14495   7.34688   1609
260.35910 -34.10876   1892
260.36064 -34.13104  23231
260.50825  -2.66862   1856
260.53350 -34.33948   2278
260.53969 -36.31997   1572
260.54751 -36.31858   1342
260.89777  47.14027   1146
261.04320 -35.22994   2085
261.40952 -36.52504   6809
261.44076 -36.54607   1343
261.47759 -36.62980   6771
261.57337 -23.72074   1826
261.60467  31.80946   1470
261.62397  31.80280   1241
261.67081 -22.54973   1119
261.73911 -33.19797   1029
261.78739 -34.65796   6455
261.79769 -34.67041   2775
261.90311 -21.44893   5146
261.92885 -21.43560   5328
261.93017 -21.46747   4931
261.99758 -33.84491   1836
262.04702 -33.52779   1051
262.05870  77.47999   1163
262.24506  73.88633   1331
262.46096  50.15826   1194
262.55619 -13.04593   5991
262.57419 -32.91047   1715
262.59362 -32.86624   1264
262.60014 -31.73422   1798
263.09881  -9.24552   2197
263.11600  16.04116   1457
263.14857   9.48116   1088
263.49102  79.85503   1020
263.62202 -31.49227   1693
263.62431  -7.50988   1328
263.83651   3.45463   1315
263.88951  24.04183   1708
264.24561 -30.95334   9901
264.27484 -30.91576   4886
264.29421 -30.94553   4035
265.16120 -28.90161   1209
265.17865 -28.91958   2142
265.19683 -28.92364   1239
265.27215 -28.80297   1792
265.29673 -28.98705   1984
265.32072 -28.91014   1961
265.33579  -3.81367   1411
265.36279 -28.75429   2802
265.36742 -28.70734   3424
265.37046 -28.76771   1581
265.40275 -28.78242   2913
265.40563 -28.73189   3652
265.40568 -28.73620   2754
265.40670 -29.07871   2527
265.40968 -28.77081   2635
265.42583 -29.12913   2586
265.42743 -29.20284   2518
265.43845 -29.08379   2252
265.50915  59.30490   1083
265.58764 -29.24847   7909
265.59226  61.78522   1356
265.59300 -29.20744  10548
265.59567 -29.36538  12994
265.59761 -28.82698   3230
265.61404 -29.16358   7344
265.61871 -29.00410   7403
265.62996 -29.07110  13281
265.63129 -28.98510 161195
265.63600 -29.03147  23864
265.64016 -28.91231   7897
265.64412 -28.85842   9496
265.64764 -28.95532  25024
265.65107 -28.80425   4769
265.67305 -28.60208   2494
265.67388 -28.75545   5207
265.67888 -28.56856   1922
265.68371  -7.86514   1182
265.70640 -28.60280   1306
265.70813 -28.55932   2116
265.71409 -28.39463   1082
265.72393 -28.74611   5536
265.76529 -28.77447   3855
265.78151 -29.23871  12911
265.78947 -29.27832   8025
265.79509 -29.33492   3812
265.79819 -28.75061   1157
265.80712 -29.38979   4802
265.80914 -29.15485   1786
265.81625 -29.12349   4616
265.82097 -28.82814   3774
265.82468 -29.42819   5547
265.82712 -28.78171   2252
265.84144 -28.86192   9740
265.84273  17.35268   1063
265.85242 -28.89677   3188
265.86860 -29.18372   4829
265.87093 -28.99379  13138
265.87866 -29.29892   3452
265.89100 -28.36118   1387
265.89539 -29.12687   6754
265.90043 -28.89510   5779
265.90612 -29.26089  14185
265.90734 -29.16091  10327
265.91036 -28.86165   2643
265.91313 -29.22088   7307
265.95666 -28.85791   3457
265.95792 -28.51591   8702
265.95990 -28.53418   1615
265.97186 -29.03721  13703
265.97431 -28.99541   5081
265.99071 -28.60312   1972
265.99241 -28.64988   2062
266.00362 -29.01862  17036
266.01771 -28.43171   1056
266.01854 -29.05287   5118
266.04038 -29.41279   1101
266.04415 -28.36382   6289
266.04536 -28.40857   5835
266.04750 -28.13657   2212
266.05758 -28.25298   1996
266.06490 -28.35219   1030
266.06947 -19.34266   2277
266.07567 -29.39198   1418
266.07884 -19.31466   1287
266.14416 -29.16666   2912
266.15340 -29.28901   1373
266.16780 -28.61752   1117
266.17552 -28.50488   2539
266.20037 -29.16057   1536
266.20626 -29.04337   1972
266.21244 -28.34762   1572
266.22651 -28.40288   2749
266.23050  18.36982   1145
266.23058 -28.12652   1153
266.27197 -28.34093   1018
266.31500 -28.48649   1825
266.38385 -28.01164   2458
266.40703 -28.34030   1271
266.41124 -28.40278   1589
266.41215 -28.37999   1089
266.44770   9.47669   1060
266.50648 -28.48924   1254
266.87397  59.73805   1590
266.88617  -8.68530   1072
267.03357   3.18971   1473
267.19082 -25.38806   1224
267.26409 -37.99007   1099
267.37041 -37.74642   1721
267.38279 -22.49259   1937
267.38310   2.33663   1126
267.81059  27.02433   1023
268.05842 -25.06993   1446
268.06362 -25.09595   1402
268.94914 -17.96013   1089
268.94924 -16.28137   1538
268.95161 -16.27586   2783
269.05545  13.47890   2417
269.09432 -34.81403   1253
269.40765 -24.06872   4940
269.44591 -23.33961   1019
269.79911 -22.46602   1496
269.80639 -39.66944   2274
269.83985  13.85600   1700
269.88569  48.54296   1051
269.99114 -21.79871   2072
270.00335 -21.80412   2897
270.03277 -27.80507   6996
270.05671  -2.12973   1702
270.15033 -24.37698   7311
270.15365 -24.38117   4510
270.17965 -17.54315   1840
270.58249   9.99754   1002
270.68999  11.02091   1274
270.90542  -7.86916   1583
270.91367  78.46536   2224
271.33482   6.42330   1254
271.49173 -20.10586   2526
271.49511 -18.27138   2116
271.51069 -20.09157   4732
271.58588 -20.33350   7452
271.58646 -20.30995   9087
271.61405 -20.33318  19689
271.62618  48.48080   1030
271.82637  69.81587   1887
271.85344  70.73682   1495
272.11587 -19.45547   3822
272.12044 -19.42016   4220
272.15304 -19.41855   1600
272.15442 -19.45060   3796
272.23746 -18.61792   1270
272.53827  -6.82059   1342
272.62715  26.47593   1116
272.69842   4.64440   2112
272.79360 -17.49110   2765
272.82795 -17.94433   8068
272.85088 -17.95371   3111
272.89243  73.82856   1419
272.92542 -16.77449   3309
272.93003  43.05595   1031
273.35955 -16.86688   1466
273.77319 -11.74394   2742
273.77624 -11.76620   2831
273.88505 -11.16762   2017
274.03640 -15.04044   1295
274.16725  -2.99054   1736
274.28093 -39.18087   2401
274.37420 -16.20124  17871
274.38118 -16.14633   5630
274.39056 -16.22960  18809
274.40387 -16.16848   6451
274.46809 -25.49383   1354
274.52633 -14.35793   1025
274.73397  35.65342   1117
274.78241  22.82946   1102
274.86110  -2.40527   1299
274.88956  35.22455   1019
274.92636  39.68759   3507
274.93158  -9.67483   5832
275.03769  17.97694   1730
275.04667 -27.46738   3195
275.37118   1.78246   1321
275.40695 -32.74417   1117
275.42010 -32.74484   2899
275.55298 -13.29240   4419
275.72057 -13.20136   1113
275.81238  56.82161   1412
275.84865  -0.79774   1036
275.93086  57.71724   1370
275.99193 -12.47368   1418
276.08976   4.17351   1148
276.15383   2.21410   1161
276.21032 -11.97664   2709
276.49109  74.31233   1172
276.60147 -10.92100   1313
276.90385 -36.07762   7238
277.05636  48.71132  13753
277.30132 -20.70046   1116
277.30572 -34.41475   1606
277.32466  29.08284   2925
277.61501 -39.71200   1102
277.66955 -21.10005  10897
277.69710 -10.60715   6457
277.71737  28.52186   1772
277.74243  62.47181   1037
277.79160  -8.16346   1413
277.86275  -7.34034   4094
277.92454  -9.30782   1308
277.92497  -7.95184   1603
277.96761  -8.59633   1834
278.00353  -8.58051   2648
278.00574  -8.60329   3342
278.07965  -7.45959   1027
278.10109  47.40190   1354
278.10271  47.41813   2337
278.10433  31.56620   2153
278.20349  -7.59742   1007
278.28562  32.64029   2140
278.31490  32.66261   3350
278.36209  -7.20674   1925
278.36800  -7.23216   1773
278.38957  65.32008   2207
278.54008  -7.45780   1821
278.54871  -7.61621   1162
278.71281  -6.31231   2460
278.71658  -6.26690   2397
278.73249  -6.34641   1459
278.79639  13.46014   1627
278.84770  -6.46775   1058
278.86062  -6.81085   3045
278.88411  -6.85781   3527
278.88978  -6.84196   7078
278.89814  -5.53970   1318
279.05099  17.13350   2685
279.05266  17.16626   4649
279.49265  23.99448   1390
279.70194  -1.93044   3053
279.77575  -1.92843   2819
280.02853  -7.98458   1076
280.16189  -3.64655   1646
280.22096  -3.84649   1352
280.22313  -3.79910   1188
280.23964 -40.41522   1708
280.34161  -3.96465   1573
280.64788  45.50660   5598
280.81361   9.84203   4510
280.86349  -2.70934   2384
280.87407  -2.75987   1557
280.88578  40.07746   1010
280.88719  -2.74718   3059
280.93925  -3.04968   2930
280.96518  -3.03764   3039
281.20745  -1.99616   4141
281.25278  -1.97887  10848
281.25339  -1.99836   3260
281.26039  -2.01455   6189
281.33720  79.73826   5039
281.47867  79.70147   6520
281.67724  32.67599   1015
281.67980  -0.97388   4997
281.68566  -1.00441   2177
281.71182  -0.95978   3008
281.84835  -1.60761   1460
281.98882  -0.09133   1451
282.48302 -36.54028   1331
282.69963   1.17787   4601
282.70103   1.18526   2951
282.71031   1.17890   1216
282.71208   1.17150   2063
283.44685   7.82837   3317
283.48109   2.30362   1288
283.49514 -30.39501   1664
283.88399   3.15290   1090
284.26867  12.91691   2876
284.38174  56.69599   1109
284.63486   4.13055   2133
284.68767  58.65388   1036
284.80949   1.14429  10388
284.82251   1.13900   3335
284.85151   4.14126   2094
284.88464 -27.16983   1346
284.94779 -23.57153   3707
285.25968  31.92069   3204
285.64675  15.28709   1085
286.26539   7.05246   2744
286.26553   7.07682   2668
286.29251   7.06430   4152
286.30276   7.04303   2504
286.94799   9.00385   1525
286.96593   9.02268  31209
286.99497   8.99816   2643
287.00146   9.01465   4977
287.03226   9.00344   1243
287.05208 -20.19877   2714
287.15497   9.01700   5897
287.16034  23.01647   1127
287.16801   9.00047   8708
287.18303   9.03025   8153
287.19606 -17.28633   1686
287.20481   9.01070   7109
287.32155  -5.89006   1596
287.40175 -22.45945   1956
287.42056 -22.45531   2619
287.77021  10.81997   2445
287.77652  10.80754   1540
287.82960 -29.56168   1356
287.94625  11.12109   1673
287.98495  11.04723   2147
288.00050  11.06637   4771
288.17062 -26.97145   1436
288.49959  30.24191   2974
288.76875  11.86093   1006
288.77681  11.83054   1204
288.77811 -12.16680   1634
288.84146   6.26538   1513
289.07171 -30.05689   1691
289.52752  13.82604   2999
289.65276 -35.54040   1719
289.98592  13.95894   4482
290.14264 -21.17359   3167
290.18088  14.18183   6867
290.19603  14.36982   1467
290.20222  -7.79132   1926
290.22777  14.35079   9548
290.25348  14.38991   2110
290.32098  14.40026  13407
290.33449 -15.91571   1289
290.35351  14.41052  36828
290.37913  14.39772   2177
290.38230  14.45072   5421
290.40175  14.49765   1576
290.42622 -29.34090  13387
290.60368  33.39258   3766
290.69461  35.24146   1191
290.74569  13.88884   1045
290.81032 -32.81319   1226
290.88970   0.47870   1162
290.94079  16.24137   2194
290.95720  21.00657   1199
291.47182  -1.21734   1237
291.74799   9.86440   1100
292.19255 -14.20660   1227
292.20582  73.86261   3951
292.38208  18.59910   1138
292.43715 -28.00855   1262
292.48339 -39.77580   1251
292.53528  -8.40283   1617
292.65930  44.79827   1313
292.67872  13.11782   1070
292.68171 -26.66672   1289
292.95463  36.44621   1019
293.06222   7.41324   1275
293.46325 -40.07982   1003
293.58275  -0.47889   1459
293.66443  36.59708   1165
294.30860 -23.11486   1286
294.60177 -15.52617   6721
294.65503  27.39334   1328
294.75822  63.64104   1059
294.88907  10.32864   1358
294.91153  60.57527   5067
295.10684  50.47795   1884
295.11219  23.71317   1080
295.35817  42.03032   1014
295.76155 -31.73724   1038
295.84434  54.68015   1754
295.93958   0.21625   1260
296.17585  25.08857   4030
296.31782  -9.46248   1282
296.60269 -23.57952   1305
296.74138 -20.08055   1415
296.78211  26.72830   1499
296.80553  26.72796   2908
296.91739   7.99338   1113
297.02253  -4.73116   1778
297.07650 -27.75074   1376
297.42423   2.37773   2742
297.44594   2.37861   2469
298.23695  27.08202   1846
298.37263  -7.74892   1799
298.59352  51.39658   1588
298.66261 -38.88728   1494
298.95000  40.98339   1103
298.95101 -35.71245   1861
299.22521  40.56183   1394
299.28908  51.70675   1297
299.31917  40.34617   1060
299.33045  40.88030   1585
299.36392  40.75121   1089
299.38315  40.44887   2485
299.41721  40.60103 739767
299.45057  40.59220 858424
299.62515  40.63953   1356
299.62789  40.59840   1262
299.74833  25.72335   1625
299.80757  33.04734   3970
299.85230  40.69039   1086
299.96516  33.40914   3302
299.96656  33.38779   3102
299.99526  33.43056   2102
300.09744  41.40494   2549
300.88173  66.28928   1014
300.88399  -2.53723   2186
301.12196  11.86130   1142
301.30265 -10.42339   1465
301.44349  -4.45461   1043
301.49823  40.35045   2471
301.83635  77.73298   1061
301.89792  52.07750   1285
301.94001 -24.57805   1193
302.14044  -6.88386   2602
302.22075  33.22104   1560
303.07530  23.42835  13685
303.19433  26.36093   1191
303.40425  37.02913   2166
303.50803  37.03710   1018
303.55158  37.05175   1813
303.55880  37.08005   1163
303.81715  33.60705   2853
304.51613  29.54544   8615
304.72154  23.15021   1830
304.85607  66.05285   1038
304.93467   9.85909   3349
304.94453  37.35912   6583
304.94917  37.27663   1854
304.95618  37.27074   2982
305.14996  39.07771   1008
305.16381  40.05889   1442
305.22467  39.98101   1924
305.25259  40.10697   1171
305.30552  61.45507   2094
305.32901  31.72217   3368
305.65698  54.29718   1070
305.74841  -7.76204   1347
305.80408  33.55289   1269
305.87891  37.22281   1227
306.15144  15.45303   1081
306.23507  29.68284   1530
306.32769 -15.52212   1490
306.33027  39.26949   2775
306.36491  36.03826   1464
306.39112  37.21441   9354
306.58220  40.69416   5405
306.60976  40.71166   3977
306.93315  38.85460   1480
307.39518  38.79622   1757
307.46307  38.75338   2232
307.48742  38.84061   1606
307.51258  38.79107   2254
307.55426  51.78735   1097
307.58533 -23.06037   2521
307.62135  54.74763   1154
307.67486  25.70069   1790
307.67524  40.10113   2661
307.67594  43.51936   1078
307.85000  53.59328   1012
307.88633 -35.98691   1718
308.15522 -35.07384   5701
308.24395  10.76186   1075
308.32528  18.77785   1335
308.50383  -6.65887   1045
308.78188  41.44800   2343
308.89991  31.88578   1450
309.28098  51.14339   6081
309.31139  42.15099   7315
309.40571  41.15572   3393
309.44740  41.15015   1079
309.64196  36.32653   1147
309.90547 -29.10706   1060
310.13294  42.73154   1000
310.17297 -26.70059   1010
310.19260  42.78995   2262
310.25003  42.78910   1319
310.94810  32.38053   1001
310.97041  44.06748   2826
311.14242  -2.79066   2283
311.43468   6.83576   2415
312.09273 -14.76715   1825
312.27924 -36.86381   1427
312.72667  36.40346   5144
313.30384 -20.13539   2727
313.99900   5.51962   1214
314.17553  44.57669   1136
314.30537 -14.87429   1018
314.65460 -28.20721   1637
314.66833 -28.25283   2055
314.67935 -28.24959   1027
314.95019  28.38318   1801
315.15683 -28.02109   1024
316.08634 -25.66130   2503
316.11095 -25.63960   2566
316.11745 -25.70030   2213
316.12563 -25.62297   2734
316.19046  76.35166   3892
316.28963  42.03422   1341
316.67545  49.40722   2409
316.80240  28.86662   1061
316.82863 -10.55363   1194
316.87670  35.34533   1196
316.98595  50.02990   1016
317.74280 -35.25131   1091
317.88863  40.00704   1010
317.91508  62.04309   2560
317.93689 -25.90474   2333
318.43995 -21.14054   2792
318.70414  24.78227   1398
318.70722  60.80495   1037
318.79685 -30.53153   2543
319.04824  18.06527   1330
319.25963  60.59247   7804
319.26854 -11.80787   1186
319.29003  49.40468   3395
319.45402 -26.95739   1026
319.47530  37.18031   1098
320.04776 -10.26900   1050
320.06354 -16.68016   1611
320.10613  16.86272   1579
320.22689  15.58683   1299
320.26816  -1.42463   1087
320.28992  31.35901   1377
320.37718  24.85439  10336
320.38223  24.86483   1155
320.39674  29.99468   2172
320.72850  51.90475   1060
321.08622  64.17729   2128
321.64121 -18.57571   1412
321.65640   7.33002   2055
322.01073   4.81787   4099
322.05131 -20.83618   2069
322.10182 -31.57448   1329
322.21947 -12.33942   1770
322.22698   8.98845   1015
322.89638  -2.11104   1690
322.96332  37.98408   1566
323.12669 -17.79813   1061
323.44903  83.73622   1798
323.52164   0.47371   3473
323.55477  84.66855   1274
323.57838 -28.14092   1048
323.74008 -14.77149   2416
323.75578 -20.93453   3732
323.77120 -14.77788   1450
323.81493  50.80148   1686
323.82460 -18.95057   1458
323.98033 -18.40518   1995
324.15590  14.16671   1132
324.36557  20.96639   1185
324.59984  14.40924   1375
324.91624   2.81164   1087
325.49092  27.94878   1762
325.49309  27.93457   1555
325.69518   4.29475   1426
326.07351 -17.90167   1089
326.25515  15.11236   2933
326.40042   6.72826   2590
326.69328 -13.30754   1821
326.70068  60.88517   1744
326.99703  14.59562   2667
327.08651  14.32466   2211
327.12830  13.57448   1108
327.25254 -30.70002   1244
327.26782 -20.00343   1972
327.29383 -28.70995   2866
327.72648   5.36902   1188
328.04255  14.49450   1015
328.43986  37.77030   6369
328.51346 -11.70201   1165
328.67877  48.26950   1590
328.68342 -18.35618   1433
328.84690 -15.25829   3021
329.11549  29.74613   1277
329.55955 -38.02095   1280
329.75259 -33.59230   1292
329.87003   4.34570   1097
330.16401  42.03576   6051
330.25577  31.51840   2879
330.45867  62.43347   2818
330.85685 -18.83814   6399
330.95480  29.24541   2527
330.95962   5.69249   1065
331.63593 -23.77770   2004
331.79883  37.45922   1833
332.17894 -13.71644   1330
332.38413   8.07369   1636
332.52137   1.63333   2810
332.55917 -25.73946   1210
332.91976 -38.84448   1880
332.92452 -17.26537   4229
332.92909 -17.28765   4686
333.14045  60.22826   1203
333.17734  13.12803   1020
333.50609  56.73265   1056
333.83403 -30.65074   1085
334.06833  -3.84469   2219
334.22291 -28.19203   2024
334.46015 -25.15253   1155
334.58818  39.56097   1478
334.94534  -3.08824   1436
335.30907  -2.32617   1085
335.31623  -2.37106   2065
335.32413  -2.42821   1280
335.79626  -5.20508   7412
335.81140  21.04732   1838
336.71819 -38.65589   2067
337.33470  53.90275   1648
337.53256  11.47285   7202
337.84249  35.75987   1202
338.50717  28.22333   1103
338.73391 -17.47124   1461
338.78287 -12.02224   1634
339.11269 -17.60952   1028
339.78622  33.35860   1107
339.80211 -10.51804   1022
340.17413 -26.00424   1103
340.36776  17.98340   1005
340.84895  39.41838   3216
340.88885  39.42604   4412
340.90168  -3.27356   1156
340.91600 -12.37806   1882
340.92207  39.42896   2936
340.94716 -31.01004   1085
341.05323  36.67837   2042
341.05850 -37.22614   1261
341.09885  63.56807   1018
341.81689  13.25446   1267
341.84682  11.33797   1207
341.87730  59.65078   2274
341.98621  14.06597   1969
342.06408   6.77000   1591
342.06461 -12.34733   1016
342.24614  71.22294   1556
342.28218  18.54557   2133
342.55603  64.40365   2294
342.87282  15.88170  12657
342.91911  11.34403   1436
342.93493  24.49002   1889
342.96615  13.43009   1424
343.04408 -39.48433   1188
343.14356  12.95912   2707
343.20989  57.67754   2797
343.33266  41.78061   1895
343.59656 -36.72952   1281
343.66175  16.70604   1343
343.76940  41.63688   2104
343.84353 -28.23995   1249
343.84639  70.20996   1900
344.15233  58.51587   1321
344.90479 -37.57106   2720
345.36621  44.38218   1230
345.54409 -34.79480   1293
345.64434  40.21174   1163
345.76868  59.97401   1942
346.16425  37.77437   1488
346.85714 -28.23582   1020
347.16840 -10.91909   1099
347.22987  25.52460   1294
347.39757  18.47086   1088
347.48608   9.05253   2489
347.56662   5.00588   1978
347.60618   5.01818   1084
347.68232  59.37690   1234
347.84210  61.22645   8694
347.84982  61.24797   5445
347.86651  61.25276   4892
347.87114  46.93192   1928
347.89531  61.21256   4521
347.93396  61.24473   2884
347.95299  61.23925   1261
348.29193 -18.28399   1219
348.44229 -12.22704   1861
348.48835 -16.70255   1029
348.49070 -14.42473   1081
348.50961   3.81519   4676
348.85433  39.60111   1081
349.09390  67.62246   1322
349.29444 -37.21495   1061
349.31693 -27.72775   2159
349.60323 -16.65891   2358
349.74933  23.50608   1471
349.88323  27.27204   1318
349.94093  58.79452   1209
349.99509  58.25320   1077
350.01511  58.79115   1582
350.01629   7.92595   1185
350.02505  50.69009   1294
350.05513  58.72878   1477
350.07203  58.21267   1433
350.07779  58.26167   2221
350.17079  58.39751   1255
350.22404  58.38022   1677
350.24222  58.54075 373103
350.25200  59.04167   1918
350.25630  59.07694   2819
350.29057  58.54117  16076
350.29082  58.56474 560786
350.29354  58.51940 431387
350.32873  58.51795  14009
350.33120  58.84767   1915
350.33874  58.56093  24163
350.34804  58.53490 339509
350.39452  58.39146   1235
350.52437  58.81674   1893
350.53348 -27.59695   1374
350.58262  58.94244   2903
350.59521  58.22197   1800
350.59739  58.57126   2236
350.59930  58.98069   3962
350.61234  58.27600   2673
350.64394  58.74500   1853
350.64894  -4.02125   1224
350.68079  58.23122   1891
350.68240 -12.39958   1875
350.68697  -5.23523   1550
350.82659  43.50810   1740
350.83318  59.05216   1680
350.83894  58.53792   2516
350.84777  79.01272   1136
350.85500  59.24554   1070
350.85991  58.30396   1251
350.89306  58.56794   4991
350.89422  58.52847   1174
350.93367  58.52574   1361
351.00101  58.41042   1029
351.08466  -2.31145   2373
351.12731  40.52774   2456
351.33688  82.25760   1001
351.36843  26.99024   1480
351.42686  29.34414   1524
351.48736 -15.17584   1138
351.55702  58.63403   1435
351.73622 -19.66050   1406
352.03651  10.72920   1204
352.07457  31.65004   1163
352.25997 -16.22540   1335
352.36618  17.20583   1027
352.38190  29.67113   1249
352.45968 -10.24185   1426
353.53178   8.55373   1156
353.53977 -35.01221   1011
353.83461 -18.15024   1092
353.89278   3.16974   1486
353.96677  26.76576   2815
354.01264  26.71832   2396
354.10383  -4.50312   1462
354.29996  -6.34742   1433
354.31939 -33.44819   1285
354.46612  22.07131   2285
354.49294  26.42212   1030
354.50379  13.27290   1830
354.60305   4.24353   1613
354.65597 -16.62593   1495
354.78345 -35.38430   1824
355.33950  53.53370   2289
355.52634  82.16701   3777
355.79367  65.67750   1358
356.01574   9.23499   1805
356.36541 -16.79810   2642
356.48791  18.45674   1622
356.96448  -2.69009   1822
357.06260 -25.22814   1303
357.11328  64.39385   4948
357.34325  -1.43267   1597
357.58810   5.73098   1059
357.91211  32.64178   1183
357.95838  45.60636   1873
358.15763  49.55749   2306
358.33423  15.41241   1104
358.60847 -35.03721   1286
358.68803  14.49043   1020
358.73858 -11.70584   1814
359.01024  43.79959   1940
359.44615  55.37409   1518
359.58078  40.62220   1301
